Scotland, Life tables (cohort 1x10), Females	Last modified: 02 Apr 2018;  Methods Protocol: v6 (2017)

  Year          Age         mx       qx    ax      lx      dx      Lx       Tx     ex
1855-1859        0      0.11744  0.10868  0.31  100000   10868   92546  4471148  44.71
1855-1859        1      0.06625  0.06402  0.47   89132    5707   86133  4378602  49.13
1855-1859        2      0.03573  0.03510  0.50   83425    2928   81954  4292469  51.45
1855-1859        3      0.02572  0.02539  0.50   80497    2044   79481  4210515  52.31
1855-1859        4      0.01921  0.01902  0.50   78453    1492   77704  4131034  52.66
1855-1859        5      0.01436  0.01426  0.50   76961    1097   76410  4053330  52.67
1855-1859        6      0.01131  0.01124  0.50   75864     853   75438  3976920  52.42
1855-1859        7      0.00881  0.00877  0.50   75011     658   74681  3901482  52.01
1855-1859        8      0.00678  0.00676  0.50   74353     503   74100  3826800  51.47
1855-1859        9      0.00550  0.00548  0.50   73850     405   73647  3752701  50.81
1855-1859       10      0.00502  0.00501  0.51   73445     368   73264  3679054  50.09
1855-1859       11      0.00504  0.00503  0.51   73078     367   72898  3605790  49.34
1855-1859       12      0.00533  0.00532  0.51   72710     387   72520  3532893  48.59
1855-1859       13      0.00564  0.00562  0.50   72323     407   72122  3460372  47.85
1855-1859       14      0.00605  0.00603  0.51   71917     434   71702  3388251  47.11
1855-1859       15      0.00658  0.00656  0.51   71483     469   71251  3316548  46.40
1855-1859       16      0.00696  0.00693  0.50   71014     492   70769  3245297  45.70
1855-1859       17      0.00726  0.00723  0.50   70522     510   70269  3174528  45.01
1855-1859       18      0.00759  0.00756  0.50   70012     529   69750  3104259  44.34
1855-1859       19      0.00780  0.00777  0.50   69483     540   69215  3034509  43.67
1855-1859       20      0.00777  0.00774  0.50   68943     533   68676  2965294  43.01
1855-1859       21      0.00771  0.00768  0.50   68410     525   68148  2896618  42.34
1855-1859       22      0.00781  0.00778  0.50   67884     528   67621  2828470  41.67
1855-1859       23      0.00797  0.00794  0.50   67356     535   67090  2760849  40.99
1855-1859       24      0.00817  0.00814  0.50   66822     544   66551  2693759  40.31
1855-1859       25      0.00845  0.00841  0.50   66277     558   66000  2627208  39.64
1855-1859       26      0.00876  0.00872  0.50   65720     573   65434  2561208  38.97
1855-1859       27      0.00885  0.00881  0.50   65147     574   64860  2495774  38.31
1855-1859       28      0.00876  0.00872  0.50   64573     563   64291  2430914  37.65
1855-1859       29      0.00864  0.00860  0.50   64010     550   63734  2366623  36.97
1855-1859       30      0.00855  0.00851  0.50   63459     540   63189  2302889  36.29
1855-1859       31      0.00869  0.00866  0.50   62919     545   62649  2239700  35.60
1855-1859       32      0.00896  0.00892  0.50   62374     556   62097  2177051  34.90
1855-1859       33      0.00920  0.00915  0.50   61818     566   61537  2114955  34.21
1855-1859       34      0.00949  0.00945  0.50   61252     579   60964  2053418  33.52
1855-1859       35      0.00972  0.00967  0.50   60673     587   60381  1992454  32.84
1855-1859       36      0.00976  0.00971  0.50   60087     584   59795  1932072  32.15
1855-1859       37      0.00974  0.00969  0.50   59503     577   59216  1872278  31.47
1855-1859       38      0.00980  0.00976  0.50   58926     575   58640  1813062  30.77
1855-1859       39      0.01004  0.00999  0.50   58351     583   58062  1754421  30.07
1855-1859       40      0.01019  0.01014  0.50   57769     586   57477  1696359  29.36
1855-1859       41      0.01041  0.01035  0.50   57183     592   56890  1638882  28.66
1855-1859       42      0.01067  0.01061  0.50   56591     601   56293  1581992  27.95
1855-1859       43      0.01076  0.01070  0.50   55990     599   55691  1525700  27.25
1855-1859       44      0.01087  0.01081  0.50   55391     599   55092  1470008  26.54
1855-1859       45      0.01118  0.01112  0.50   54792     609   54489  1414916  25.82
1855-1859       46      0.01171  0.01165  0.50   54183     631   53870  1360427  25.11
1855-1859       47      0.01233  0.01226  0.50   53552     656   53225  1306558  24.40
1855-1859       48      0.01292  0.01284  0.50   52896     679   52557  1253333  23.69
1855-1859       49      0.01365  0.01356  0.50   52217     708   51864  1200776  23.00
1855-1859       50      0.01434  0.01424  0.50   51509     733   51144  1148911  22.31
1855-1859       51      0.01496  0.01485  0.50   50776     754   50400  1097768  21.62
1855-1859       52      0.01553  0.01541  0.50   50021     771   49636  1047368  20.94
1855-1859       53      0.01607  0.01594  0.50   49251     785   48859   997732  20.26
1855-1859       54      0.01689  0.01675  0.50   48466     812   48062   948872  19.58
1855-1859       55      0.01808  0.01792  0.51   47654     854   47231   900810  18.90
1855-1859       56      0.01937  0.01918  0.50   46800     898   46353   853579  18.24
1855-1859       57      0.02047  0.02026  0.50   45902     930   45439   807226  17.59
1855-1859       58      0.02117  0.02095  0.50   44972     942   44500   761787  16.94
1855-1859       59      0.02322  0.02295  0.50   44030    1011   43522   717287  16.29
1855-1859       60      0.02446  0.02416  0.50   43019    1039   42496   673766  15.66
1855-1859       61      0.02562  0.02530  0.50   41980    1062   41445   631270  15.04
1855-1859       62      0.02724  0.02688  0.50   40918    1100   40368   589824  14.41
1855-1859       63      0.02961  0.02918  0.50   39818    1162   39238   549456  13.80
1855-1859       64      0.03034  0.02989  0.50   38656    1156   38083   510218  13.20
1855-1859       65      0.03245  0.03194  0.51   37500    1198   36909   472135  12.59
1855-1859       66      0.03481  0.03422  0.50   36303    1242   35688   435226  11.99
1855-1859       67      0.03739  0.03671  0.50   35061    1287   34423   399539  11.40
1855-1859       68      0.04085  0.04005  0.51   33773    1353   33105   365115  10.81
1855-1859       69      0.04568  0.04468  0.51   32421    1448   31707   332010  10.24
1855-1859       70      0.05141  0.05014  0.51   30972    1553   30206   300304   9.70
1855-1859       71      0.05754  0.05595  0.51   29420    1646   28608   270098   9.18
1855-1859       72      0.06324  0.06132  0.51   27773    1703   26934   241490   8.69
1855-1859       73      0.06807  0.06586  0.51   26070    1717   25222   214556   8.23
1855-1859       74      0.07127  0.06883  0.50   24353    1676   23520   189334   7.77
1855-1859       75      0.07625  0.07349  0.51   22677    1667   21857   165814   7.31
1855-1859       76      0.08738  0.08378  0.51   21010    1760   20144   143956   6.85
1855-1859       77      0.10212  0.09723  0.51   19250    1872   18328   123812   6.43
1855-1859       78      0.11757  0.11111  0.51   17378    1931   16424   105484   6.07
1855-1859       79      0.13626  0.12769  0.51   15448    1972   14476    89060   5.77
1855-1859       80      0.12576  0.11843  0.51   13475    1596   12690    74584   5.53
1855-1859       81      0.13891  0.13001  0.51   11879    1544   11118    61894   5.21
1855-1859       82      0.15019  0.13979  0.50   10335    1445    9619    50776   4.91
1855-1859       83      0.16214  0.15016  0.51    8890    1335    8233    41157   4.63
1855-1859       84      0.17663  0.16248  0.51    7555    1228    6950    32924   4.36
1855-1859       85      0.18865  0.17251  0.50    6328    1092    5786    25974   4.10
1855-1859       86      0.20307  0.18457  0.51    5236     966    4759    20188   3.86
1855-1859       87      0.22351  0.20132  0.51    4270     860    3846    15429   3.61
1855-1859       88      0.24174  0.21584  0.50    3410     736    3045    11583   3.40
1855-1859       89      0.25953  0.23006  0.51    2674     615    2370     8539   3.19
1855-1859       90      0.28227  0.24760  0.50    2059     510    1806     6168   3.00
1855-1859       91      0.30712  0.26650  0.50    1549     413    1344     4362   2.82
1855-1859       92      0.32908  0.28266  0.50    1136     321     976     3018   2.66
1855-1859       93      0.34528  0.29453  0.50     815     240     695     2042   2.51
1855-1859       94      0.36907  0.31190  0.50     575     179     486     1347   2.34
1855-1859       95      0.41164  0.34138  0.50     396     135     328      861   2.18
1855-1859       96      0.46468  0.37676  0.50     261      98     211      533   2.04
1855-1859       97      0.50120  0.40043  0.50     162      65     130      322   1.98
1855-1859       98      0.49577  0.39627  0.49      97      39      78      192   1.97
1855-1859       99      0.44165  0.36131  0.50      59      21      48      114   1.94
1855-1859      100      0.48630  0.38868  0.48      38      15      30       66   1.75
1855-1859      101      0.53097  0.41879  0.50      23      10      18       36   1.56
1855-1859      102      0.62793  0.47351  0.48      13       6      10       18   1.33
1855-1859      103      0.65015  0.48155  0.46       7       3       5        8   1.09
1855-1859      104      1.43067  0.82048  0.48       4       3       2        2   0.68
1855-1859      105      1.53138  0.81879  0.43       1       1       0        0   0.60
1855-1859      106      3.00000  1.00000  0.33       0       0       0        0   0.33
1855-1859      107            .        .     .       0       0       0        0      .
1855-1859      108            .        .     .       0       0       0        0      .
1855-1859      109            .        .     .       0       0       0        0      .
1855-1859      110+           .        .     .       0       0       0        0      .
1860-1869        0      0.12208  0.11265  0.31  100000   11265   92274  4573440  45.73
1860-1869        1      0.06609  0.06388  0.48   88735    5668   85766  4481166  50.50
1860-1869        2      0.03571  0.03508  0.50   83067    2914   81598  4395400  52.91
1860-1869        3      0.02456  0.02426  0.49   80154    1944   79168  4313802  53.82
1860-1869        4      0.01810  0.01793  0.50   78209    1403   77505  4234634  54.14
1860-1869        5      0.01415  0.01406  0.50   76807    1080   76270  4157129  54.12
1860-1869        6      0.01114  0.01108  0.50   75727     839   75308  4080859  53.89
1860-1869        7      0.00861  0.00857  0.50   74888     642   74567  4005551  53.49
1860-1869        8      0.00679  0.00677  0.50   74246     503   73996  3930984  52.95
1860-1869        9      0.00571  0.00569  0.50   73744     420   73534  3856988  52.30
1860-1869       10      0.00523  0.00521  0.51   73324     382   73135  3783454  51.60
1860-1869       11      0.00496  0.00495  0.50   72942     361   72762  3710319  50.87
1860-1869       12      0.00483  0.00482  0.50   72581     350   72407  3637557  50.12
1860-1869       13      0.00495  0.00494  0.51   72231     357   72054  3565149  49.36
1860-1869       14      0.00530  0.00529  0.51   71874     380   71686  3493095  48.60
1860-1869       15      0.00581  0.00579  0.50   71494     414   71289  3421409  47.86
1860-1869       16      0.00629  0.00627  0.51   71080     446   70860  3350120  47.13
1860-1869       17      0.00665  0.00663  0.50   70634     468   70402  3279260  46.43
1860-1869       18      0.00686  0.00683  0.50   70166     480   69928  3208858  45.73
1860-1869       19      0.00699  0.00697  0.51   69687     486   69446  3138929  45.04
1860-1869       20      0.00706  0.00703  0.50   69201     487   68959  3069483  44.36
1860-1869       21      0.00716  0.00714  0.50   68714     490   68471  3000524  43.67
1860-1869       22      0.00726  0.00724  0.50   68224     494   67978  2932053  42.98
1860-1869       23      0.00733  0.00731  0.50   67730     495   67484  2864075  42.29
1860-1869       24      0.00743  0.00740  0.50   67235     498   66988  2796592  41.59
1860-1869       25      0.00758  0.00755  0.50   66738     504   66487  2729604  40.90
1860-1869       26      0.00771  0.00768  0.50   66234     509   65980  2663117  40.21
1860-1869       27      0.00782  0.00779  0.50   65725     512   65470  2597137  39.52
1860-1869       28      0.00792  0.00788  0.50   65213     514   64957  2531666  38.82
1860-1869       29      0.00798  0.00795  0.50   64699     514   64443  2466709  38.13
1860-1869       30      0.00800  0.00797  0.50   64185     512   63930  2402266  37.43
1860-1869       31      0.00798  0.00795  0.50   63673     506   63421  2338336  36.72
1860-1869       32      0.00804  0.00801  0.50   63167     506   62916  2274915  36.01
1860-1869       33      0.00821  0.00818  0.50   62661     512   62406  2211999  35.30
1860-1869       34      0.00846  0.00843  0.50   62149     524   61889  2149593  34.59
1860-1869       35      0.00872  0.00868  0.50   61625     535   61359  2087704  33.88
1860-1869       36      0.00892  0.00888  0.50   61090     542   60821  2026345  33.17
1860-1869       37      0.00914  0.00910  0.50   60548     551   60274  1965524  32.46
1860-1869       38      0.00928  0.00924  0.50   59997     554   59722  1905250  31.76
1860-1869       39      0.00929  0.00925  0.50   59443     550   59169  1845528  31.05
1860-1869       40      0.00917  0.00912  0.50   58893     537   58625  1786359  30.33
1860-1869       41      0.00912  0.00908  0.50   58356     530   58092  1727733  29.61
1860-1869       42      0.00918  0.00914  0.50   57826     529   57563  1669641  28.87
1860-1869       43      0.00938  0.00934  0.50   57297     535   57032  1612078  28.14
1860-1869       44      0.00971  0.00967  0.50   56762     549   56490  1555046  27.40
1860-1869       45      0.01008  0.01003  0.50   56214     564   55933  1498557  26.66
1860-1869       46      0.01040  0.01035  0.50   55650     576   55363  1442623  25.92
1860-1869       47      0.01075  0.01069  0.50   55074     589   54781  1387261  25.19
1860-1869       48      0.01115  0.01109  0.50   54485     604   54184  1332480  24.46
1860-1869       49      0.01196  0.01189  0.50   53881     641   53560  1278296  23.72
1860-1869       50      0.01258  0.01250  0.50   53240     666   52907  1224735  23.00
1860-1869       51      0.01313  0.01304  0.50   52575     686   52231  1171828  22.29
1860-1869       52      0.01376  0.01367  0.50   51889     709   51535  1119596  21.58
1860-1869       53      0.01446  0.01436  0.50   51180     735   50812  1068062  20.87
1860-1869       54      0.01521  0.01510  0.50   50445     762   50064  1017250  20.17
1860-1869       55      0.01600  0.01588  0.50   49684     789   49288   967185  19.47
1860-1869       56      0.01689  0.01675  0.50   48895     819   48486   917897  18.77
1860-1869       57      0.01805  0.01789  0.50   48076     860   47646   869411  18.08
1860-1869       58      0.01951  0.01932  0.50   47216     912   46761   821765  17.40
1860-1869       59      0.02067  0.02046  0.50   46304     947   45833   775004  16.74
1860-1869       60      0.02229  0.02204  0.50   45356    1000   44861   729171  16.08
1860-1869       61      0.02385  0.02357  0.50   44356    1046   43838   684311  15.43
1860-1869       62      0.02535  0.02503  0.50   43311    1084   42773   640472  14.79
1860-1869       63      0.02692  0.02657  0.50   42227    1122   41671   597699  14.15
1860-1869       64      0.02874  0.02834  0.50   41105    1165   40528   556028  13.53
1860-1869       65      0.03084  0.03038  0.51   39940    1213   39341   515500  12.91
1860-1869       66      0.03364  0.03309  0.51   38727    1282   38095   476159  12.30
1860-1869       67      0.03712  0.03646  0.51   37445    1365   36772   438064  11.70
1860-1869       68      0.04128  0.04046  0.51   36080    1460   35359   401293  11.12
1860-1869       69      0.04594  0.04491  0.51   34620    1555   33851   365934  10.57
1860-1869       70      0.05125  0.04999  0.51   33065    1653   32252   332083  10.04
1860-1869       71      0.05665  0.05511  0.51   31412    1731   30559   299831   9.55
1860-1869       72      0.06110  0.05931  0.51   29681    1760   28811   269272   9.07
1860-1869       73      0.06528  0.06324  0.51   27921    1766   27049   240461   8.61
1860-1869       74      0.07039  0.06802  0.51   26155    1779   25277   213412   8.16
1860-1869       75      0.07618  0.07342  0.51   24376    1790   23494   188135   7.72
1860-1869       76      0.08271  0.07947  0.51   22586    1795   21701   164642   7.29
1860-1869       77      0.08963  0.08584  0.51   20791    1785   19912   142940   6.87
1860-1869       78      0.09713  0.09270  0.51   19007    1762   18139   123029   6.47
1860-1869       79      0.10592  0.10067  0.51   17245    1736   16390   104890   6.08
1860-1869       80      0.11764  0.11119  0.51   15509    1724   14659    88500   5.71
1860-1869       81      0.12936  0.12161  0.51   13784    1676   12959    73841   5.36
1860-1869       82      0.14291  0.13350  0.51   12108    1616   11311    60882   5.03
1860-1869       83      0.15644  0.14522  0.51   10492    1524    9739    49570   4.72
1860-1869       84      0.17017  0.15698  0.51    8968    1408    8273    39831   4.44
1860-1869       85      0.18488  0.16938  0.51    7560    1281    6926    31558   4.17
1860-1869       86      0.20071  0.18255  0.50    6280    1146    5711    24632   3.92
1860-1869       87      0.21731  0.19616  0.50    5133    1007    4634    18921   3.69
1860-1869       88      0.23665  0.21182  0.50    4126     874    3693    14287   3.46
1860-1869       89      0.25765  0.22847  0.50    3252     743    2884    10593   3.26
1860-1869       90      0.27818  0.24428  0.50    2509     613    2203     7709   3.07
1860-1869       91      0.29837  0.25969  0.50    1896     492    1650     5506   2.90
1860-1869       92      0.31920  0.27533  0.50    1404     387    1211     3856   2.75
1860-1869       93      0.34376  0.29354  0.50    1017     299     869     2645   2.60
1860-1869       94      0.37412  0.31535  0.50     719     227     606     1776   2.47
1860-1869       95      0.39042  0.32641  0.50     492     161     411     1170   2.38
1860-1869       96      0.41895  0.34634  0.50     331     115     274      759   2.29
1860-1869       97      0.40649  0.33753  0.50     217      73     180      485   2.24
1860-1869       98      0.42588  0.35116  0.50     144      50     118      305   2.12
1860-1869       99      0.41536  0.34371  0.50      93      32      77      186   2.00
1860-1869      100      0.50457  0.40170  0.49      61      25      49      109   1.79
1860-1869      101      0.58694  0.45212  0.49      37      17      28       61   1.66
1860-1869      102      0.46640  0.37629  0.49      20       8      16       33   1.62
1860-1869      103      0.80371  0.57585  0.51      12       7       9       16   1.31
1860-1869      104      0.85920  0.60073  0.50       5       3       4        7   1.40
1860-1869      105      0.50826  0.40323  0.49       2       1       2        4   1.75
1860-1869      106      0.51789  0.41484  0.52       1       1       1        2   1.61
1860-1869      107      0.13869  0.13256  0.67       1       0       1        1   1.38
1860-1869      108      2.05011  1.00000  0.49       1       1       0        0   0.49
1860-1869      109            .        .     .       0       0       0        0      .
1860-1869      110+           .        .     .       0       0       0        0      .
1870-1879        0      0.12226  0.11280  0.31  100000   11280   92263  4894940  48.95
1870-1879        1      0.05944  0.05764  0.47   88720    5114   86026  4802677  54.13
1870-1879        2      0.02965  0.02922  0.50   83606    2443   82375  4716651  56.42
1870-1879        3      0.01987  0.01968  0.50   81164    1597   80360  4634276  57.10
1870-1879        4      0.01441  0.01431  0.49   79567    1139   78989  4553916  57.23
1870-1879        5      0.01058  0.01052  0.50   78428     825   78012  4474928  57.06
1870-1879        6      0.00828  0.00825  0.50   77603     640   77282  4396916  56.66
1870-1879        7      0.00671  0.00669  0.50   76963     515   76706  4319634  56.13
1870-1879        8      0.00556  0.00555  0.50   76448     424   76236  4242928  55.50
1870-1879        9      0.00477  0.00476  0.50   76024     362   75843  4166692  54.81
1870-1879       10      0.00433  0.00432  0.50   75663     327   75501  4090849  54.07
1870-1879       11      0.00413  0.00412  0.51   75336     311   75183  4015349  53.30
1870-1879       12      0.00411  0.00410  0.50   75025     308   74873  3940166  52.52
1870-1879       13      0.00423  0.00422  0.50   74717     316   74561  3865293  51.73
1870-1879       14      0.00452  0.00451  0.50   74402     336   74236  3790732  50.95
1870-1879       15      0.00495  0.00494  0.50   74066     366   73885  3716496  50.18
1870-1879       16      0.00532  0.00531  0.50   73701     391   73507  3642611  49.42
1870-1879       17      0.00559  0.00558  0.51   73310     409   73107  3569104  48.69
1870-1879       18      0.00577  0.00575  0.51   72901     419   72693  3495997  47.96
1870-1879       19      0.00581  0.00579  0.50   72482     420   72274  3423303  47.23
1870-1879       20      0.00577  0.00576  0.50   72062     415   71855  3351030  46.50
1870-1879       21      0.00578  0.00576  0.50   71647     413   71442  3279175  45.77
1870-1879       22      0.00586  0.00585  0.50   71234     416   71027  3207733  45.03
1870-1879       23      0.00602  0.00600  0.50   70818     425   70607  3136706  44.29
1870-1879       24      0.00616  0.00614  0.50   70393     432   70178  3066099  43.56
1870-1879       25      0.00627  0.00625  0.50   69960     437   69742  2995921  42.82
1870-1879       26      0.00642  0.00640  0.50   69523     445   69302  2926179  42.09
1870-1879       27      0.00655  0.00653  0.50   69078     451   68853  2856877  41.36
1870-1879       28      0.00660  0.00658  0.50   68627     452   68402  2788024  40.63
1870-1879       29      0.00659  0.00657  0.50   68175     448   67952  2719622  39.89
1870-1879       30      0.00655  0.00653  0.50   67727     442   67506  2651670  39.15
1870-1879       31      0.00660  0.00658  0.50   67285     443   67064  2584164  38.41
1870-1879       32      0.00670  0.00668  0.50   66842     446   66619  2517099  37.66
1870-1879       33      0.00679  0.00676  0.50   66396     449   66171  2450480  36.91
1870-1879       34      0.00693  0.00690  0.50   65947     455   65720  2384309  36.15
1870-1879       35      0.00719  0.00717  0.50   65492     469   65258  2318589  35.40
1870-1879       36      0.00743  0.00740  0.50   65022     481   64782  2253331  34.65
1870-1879       37      0.00752  0.00749  0.50   64541     484   64300  2188548  33.91
1870-1879       38      0.00760  0.00757  0.50   64057     485   63816  2124249  33.16
1870-1879       39      0.00785  0.00782  0.50   63572     497   63323  2060433  32.41
1870-1879       40      0.00785  0.00782  0.50   63075     493   62828  1997110  31.66
1870-1879       41      0.00785  0.00782  0.50   62582     489   62337  1934281  30.91
1870-1879       42      0.00795  0.00792  0.50   62093     492   61847  1871945  30.15
1870-1879       43      0.00807  0.00804  0.50   61601     495   61352  1810098  29.38
1870-1879       44      0.00818  0.00815  0.50   61106     498   60856  1748746  28.62
1870-1879       45      0.00837  0.00834  0.50   60608     505   60354  1687890  27.85
1870-1879       46      0.00867  0.00863  0.50   60102     519   59842  1627536  27.08
1870-1879       47      0.00907  0.00903  0.50   59584     538   59314  1567694  26.31
1870-1879       48      0.00953  0.00949  0.50   59046     560   58765  1508380  25.55
1870-1879       49      0.00975  0.00970  0.50   58486     567   58203  1449615  24.79
1870-1879       50      0.01030  0.01025  0.50   57918     594   57623  1391411  24.02
1870-1879       51      0.01095  0.01089  0.50   57325     624   57014  1333789  23.27
1870-1879       52      0.01158  0.01151  0.50   56700     653   56375  1276775  22.52
1870-1879       53      0.01233  0.01225  0.50   56048     687   55707  1220399  21.77
1870-1879       54      0.01313  0.01305  0.50   55361     722   55001  1164693  21.04
1870-1879       55      0.01400  0.01390  0.50   54639     759   54261  1109692  20.31
1870-1879       56      0.01499  0.01488  0.50   53879     802   53481  1055430  19.59
1870-1879       57      0.01602  0.01590  0.50   53078     844   52658  1001949  18.88
1870-1879       58      0.01711  0.01697  0.50   52234     886   51793   949291  18.17
1870-1879       59      0.01833  0.01816  0.50   51348     932   50883   897498  17.48
1870-1879       60      0.01972  0.01953  0.50   50415     985   49928   846615  16.79
1870-1879       61      0.02144  0.02122  0.50   49431    1049   48911   796687  16.12
1870-1879       62      0.02319  0.02293  0.50   48382    1109   47831   747777  15.46
1870-1879       63      0.02503  0.02472  0.50   47273    1169   46693   699946  14.81
1870-1879       64      0.02701  0.02665  0.50   46104    1229   45494   653253  14.17
1870-1879       65      0.02907  0.02866  0.51   44875    1286   44239   607759  13.54
1870-1879       66      0.03137  0.03089  0.50   43589    1346   42922   563521  12.93
1870-1879       67      0.03377  0.03322  0.50   42243    1403   41547   520599  12.32
1870-1879       68      0.03651  0.03586  0.50   40839    1465   40114   479052  11.73
1870-1879       69      0.03981  0.03904  0.50   39375    1537   38614   438938  11.15
1870-1879       70      0.04328  0.04237  0.50   37838    1603   37043   400324  10.58
1870-1879       71      0.04715  0.04607  0.51   36234    1669   35408   363281  10.03
1870-1879       72      0.05193  0.05063  0.51   34565    1750   33700   327873   9.49
1870-1879       73      0.05726  0.05568  0.50   32815    1827   31909   294173   8.96
1870-1879       74      0.06332  0.06140  0.50   30988    1903   30045   262264   8.46
1870-1879       75      0.07076  0.06836  0.51   29085    1988   28102   232219   7.98
1870-1879       76      0.07884  0.07588  0.51   27097    2056   26080   204116   7.53
1870-1879       77      0.08695  0.08336  0.50   25041    2087   24007   178037   7.11
1870-1879       78      0.09583  0.09149  0.50   22953    2100   21914   154030   6.71
1870-1879       79      0.10555  0.10030  0.50   20853    2092   19817   132116   6.34
1870-1879       80      0.11316  0.10715  0.50   18762    2010   17765   112299   5.99
1870-1879       81      0.12380  0.11664  0.50   16751    1954   15782    94535   5.64
1870-1879       82      0.13556  0.12702  0.50   14798    1880   13866    78752   5.32
1870-1879       83      0.14905  0.13881  0.51   12918    1793   12031    64887   5.02
1870-1879       84      0.16248  0.15035  0.50   11125    1673   10294    52856   4.75
1870-1879       85      0.17080  0.15743  0.50    9452    1488    8712    42562   4.50
1870-1879       86      0.18624  0.17045  0.50    7964    1358    7289    33850   4.25
1870-1879       87      0.19852  0.18067  0.50    6607    1194    6013    26561   4.02
1870-1879       88      0.21264  0.19234  0.50    5413    1041    4896    20548   3.80
1870-1879       89      0.23406  0.20965  0.50    4372     917    3916    15651   3.58
1870-1879       90      0.24608  0.21915  0.50    3455     757    3077    11736   3.40
1870-1879       91      0.26028  0.23039  0.50    2698     622    2388     8658   3.21
1870-1879       92      0.27751  0.24388  0.50    2076     506    1825     6270   3.02
1870-1879       93      0.29917  0.26036  0.50    1570     409    1366     4445   2.83
1870-1879       94      0.33765  0.28908  0.50    1161     336     994     3079   2.65
1870-1879       95      0.35279  0.29981  0.50     826     248     702     2085   2.53
1870-1879       96      0.40108  0.33396  0.50     578     193     481     1383   2.39
1870-1879       97      0.37501  0.31571  0.50     385     122     324      902   2.34
1870-1879       98      0.41533  0.34375  0.50     263      91     218      578   2.19
1870-1879       99      0.43136  0.35506  0.50     173      61     142      360   2.08
1870-1879      100      0.43394  0.35565  0.49     112      40      91      217   1.95
1870-1879      101      0.52308  0.41332  0.49      72      30      57      126   1.75
1870-1879      102      0.58946  0.45358  0.49      42      19      32       69   1.64
1870-1879      103      0.58544  0.45073  0.49      23      10      18       37   1.59
1870-1879      104      0.70935  0.52193  0.49      13       7       9       19   1.50
1870-1879      105      0.61926  0.47893  0.53       6       3       5       10   1.60
1870-1879      106      0.38790  0.32342  0.49       3       1       3        5   1.58
1870-1879      107      1.02190  0.66986  0.49       2       1       1        2   1.11
1870-1879      108      1.08053  0.71098  0.52       1       1       0        1   1.38
1870-1879      109      0.00000  0.00000  0.50       0       0       0        1   2.48
1870-1879      110+     0.67416  1.00000  1.48       0       0       0        0   1.48
1880-1889        0      0.11728  0.10855  0.31  100000   10855   92555  5229709  52.30
1880-1889        1      0.05339  0.05194  0.48   89145    4630   86722  5137155  57.63
1880-1889        2      0.02461  0.02431  0.50   84515    2055   83479  5050432  59.76
1880-1889        3      0.01549  0.01537  0.50   82460    1268   81821  4966953  60.23
1880-1889        4      0.01110  0.01104  0.50   81192     896   80740  4885132  60.17
1880-1889        5      0.00840  0.00836  0.50   80296     671   79960  4804392  59.83
1880-1889        6      0.00677  0.00675  0.50   79624     537   79355  4724433  59.33
1880-1889        7      0.00544  0.00542  0.50   79087     429   78872  4645077  58.73
1880-1889        8      0.00443  0.00442  0.50   78658     348   78484  4566205  58.05
1880-1889        9      0.00380  0.00379  0.50   78310     297   78162  4487722  57.31
1880-1889       10      0.00350  0.00350  0.50   78013     273   77878  4409560  56.52
1880-1889       11      0.00333  0.00333  0.50   77740     259   77612  4331682  55.72
1880-1889       12      0.00332  0.00331  0.51   77481     257   77355  4254070  54.90
1880-1889       13      0.00345  0.00344  0.50   77225     266   77093  4176715  54.09
1880-1889       14      0.00371  0.00370  0.51   76959     285   76818  4099622  53.27
1880-1889       15      0.00406  0.00405  0.50   76674     311   76520  4022804  52.47
1880-1889       16      0.00436  0.00435  0.50   76363     332   76199  3946284  51.68
1880-1889       17      0.00461  0.00460  0.50   76031     349   75858  3870085  50.90
1880-1889       18      0.00476  0.00475  0.50   75682     359   75503  3794227  50.13
1880-1889       19      0.00483  0.00482  0.50   75322     363   75142  3718724  49.37
1880-1889       20      0.00486  0.00485  0.50   74959     363   74778  3643582  48.61
1880-1889       21      0.00486  0.00484  0.50   74596     361   74416  3568803  47.84
1880-1889       22      0.00485  0.00483  0.50   74235     359   74056  3494388  47.07
1880-1889       23      0.00488  0.00487  0.50   73876     360   73697  3420332  46.30
1880-1889       24      0.00495  0.00494  0.50   73516     363   73335  3346635  45.52
1880-1889       25      0.00505  0.00503  0.50   73153     368   72970  3273300  44.75
1880-1889       26      0.00511  0.00510  0.50   72785     371   72599  3200331  43.97
1880-1889       27      0.00513  0.00511  0.50   72414     370   72229  3127731  43.19
1880-1889       28      0.00533  0.00532  0.51   72044     383   71855  3055502  42.41
1880-1889       29      0.00584  0.00583  0.50   71661     418   71451  2983647  41.64
1880-1889       30      0.00598  0.00597  0.50   71243     425   71029  2912196  40.88
1880-1889       31      0.00603  0.00602  0.50   70818     426   70603  2841167  40.12
1880-1889       32      0.00612  0.00610  0.50   70392     429   70176  2770563  39.36
1880-1889       33      0.00623  0.00621  0.50   69963     435   69744  2700387  38.60
1880-1889       34      0.00628  0.00626  0.50   69528     435   69309  2630643  37.84
1880-1889       35      0.00628  0.00626  0.50   69093     432   68875  2561334  37.07
1880-1889       36      0.00625  0.00623  0.50   68660     428   68445  2492460  36.30
1880-1889       37      0.00629  0.00627  0.50   68232     428   68017  2424015  35.53
1880-1889       38      0.00634  0.00632  0.50   67804     428   67588  2355998  34.75
1880-1889       39      0.00616  0.00615  0.50   67376     414   67169  2288409  33.96
1880-1889       40      0.00620  0.00618  0.50   66962     414   66755  2221240  33.17
1880-1889       41      0.00627  0.00625  0.50   66548     416   66340  2154485  32.38
1880-1889       42      0.00633  0.00631  0.50   66131     417   65923  2088145  31.58
1880-1889       43      0.00651  0.00648  0.50   65714     426   65502  2022222  30.77
1880-1889       44      0.00680  0.00677  0.50   65288     442   65068  1956720  29.97
1880-1889       45      0.00711  0.00709  0.50   64846     460   64617  1891653  29.17
1880-1889       46      0.00744  0.00741  0.50   64386     477   64148  1827036  28.38
1880-1889       47      0.00781  0.00778  0.50   63909     497   63661  1762887  27.58
1880-1889       48      0.00821  0.00818  0.50   63412     519   63153  1699226  26.80
1880-1889       49      0.00865  0.00862  0.50   62893     542   62623  1636073  26.01
1880-1889       50      0.00913  0.00909  0.50   62351     567   62069  1573451  25.24
1880-1889       51      0.00978  0.00974  0.50   61785     602   61485  1511382  24.46
1880-1889       52      0.01040  0.01035  0.50   61183     633   60867  1449896  23.70
1880-1889       53      0.01096  0.01090  0.50   60550     660   60221  1389029  22.94
1880-1889       54      0.01151  0.01144  0.50   59890     685   59548  1328808  22.19
1880-1889       55      0.01197  0.01190  0.50   59205     705   58853  1269260  21.44
1880-1889       56      0.01251  0.01243  0.50   58500     727   58137  1210407  20.69
1880-1889       57      0.01332  0.01323  0.50   57773     764   57392  1152270  19.94
1880-1889       58      0.01432  0.01422  0.50   57008     811   56604  1094878  19.21
1880-1889       59      0.01542  0.01531  0.50   56198     860   55769  1038274  18.48
1880-1889       60      0.01661  0.01647  0.50   55338     911   54884   982506  17.75
1880-1889       61      0.01792  0.01776  0.50   54426     967   53945   927622  17.04
1880-1889       62      0.01944  0.01925  0.50   53460    1029   52947   873678  16.34
1880-1889       63      0.02112  0.02090  0.50   52430    1096   51884   820731  15.65
1880-1889       64      0.02314  0.02288  0.50   51334    1175   50749   768847  14.98
1880-1889       65      0.02548  0.02516  0.50   50160    1262   49532   718098  14.32
1880-1889       66      0.02796  0.02758  0.50   48897    1348   48227   668565  13.67
1880-1889       67      0.03062  0.03016  0.50   47549    1434   46836   620338  13.05
1880-1889       68      0.03356  0.03301  0.50   46115    1522   45357   573503  12.44
1880-1889       69      0.03684  0.03617  0.50   44593    1613   43790   528145  11.84
1880-1889       70      0.04042  0.03963  0.50   42980    1703   42133   484356  11.27
1880-1889       71      0.04416  0.04321  0.50   41277    1784   40389   442223  10.71
1880-1889       72      0.04824  0.04711  0.50   39493    1860   38568   401833  10.17
1880-1889       73      0.05325  0.05188  0.50   37633    1952   36663   363266   9.65
1880-1889       74      0.05886  0.05718  0.50   35681    2040   34665   326602   9.15
1880-1889       75      0.06427  0.06228  0.50   33640    2095   32599   291937   8.68
1880-1889       76      0.07066  0.06826  0.50   31545    2153   30476   259338   8.22
1880-1889       77      0.07663  0.07381  0.50   29392    2170   28313   228862   7.79
1880-1889       78      0.08353  0.08020  0.50   27222    2183   26138   200549   7.37
1880-1889       79      0.09115  0.08719  0.50   25039    2183   23954   174411   6.97
1880-1889       80      0.09787  0.09333  0.50   22856    2133   21795   150457   6.58
1880-1889       81      0.10681  0.10142  0.50   20723    2102   19676   128662   6.21
1880-1889       82      0.11606  0.10973  0.50   18621    2043   17606   108986   5.85
1880-1889       83      0.12605  0.11862  0.50   16578    1966   15600    91380   5.51
1880-1889       84      0.13861  0.12970  0.50   14611    1895   13672    75780   5.19
1880-1889       85      0.15250  0.14173  0.50   12716    1802   11818    62108   4.88
1880-1889       86      0.16676  0.15399  0.50   10914    1681   10078    50289   4.61
1880-1889       87      0.17687  0.16255  0.50    9233    1501    8486    40211   4.36
1880-1889       88      0.19017  0.17372  0.50    7732    1343    7063    31726   4.10
1880-1889       89      0.20823  0.18869  0.50    6389    1206    5790    24663   3.86
1880-1889       90      0.22698  0.20384  0.50    5184    1057    4655    18873   3.64
1880-1889       91      0.23996  0.21422  0.50    4127     884    3684    14218   3.45
1880-1889       92      0.26137  0.23110  0.50    3243     749    2867    10534   3.25
1880-1889       93      0.28058  0.24608  0.50    2493     614    2187     7666   3.07
1880-1889       94      0.29673  0.25836  0.50    1880     486    1637     5479   2.91
1880-1889       95      0.32197  0.27691  0.49    1394     386    1199     3843   2.76
1880-1889       96      0.34320  0.29258  0.50    1008     295     859     2644   2.62
1880-1889       97      0.36860  0.31084  0.50     713     222     601     1784   2.50
1880-1889       98      0.36986  0.31188  0.50     491     153     414     1183   2.41
1880-1889       99      0.37802  0.31763  0.50     338     107     284      768   2.27
1880-1889      100      0.42758  0.35072  0.49     231      81     189      484   2.10
1880-1889      101      0.50342  0.40021  0.49     150      60     119      295   1.97
1880-1889      102      0.50014  0.39857  0.49      90      36      72      176   1.95
1880-1889      103      0.51452  0.40622  0.48      54      22      43      104   1.92
1880-1889      104      0.47517  0.38132  0.48      32      12      26       61   1.91
1880-1889      105      0.56355  0.43597  0.48      20       9      15       36   1.79
1880-1889      106      0.40620  0.33691  0.49      11       4       9       20   1.81
1880-1889      107      0.62393  0.47645  0.50       7       4       6       11   1.47
1880-1889      108      0.79472  0.56616  0.49       4       2       3        5   1.36
1880-1889      109      0.67454  0.50063  0.49       2       1       1        3   1.48
1880-1889      110+     0.67378  1.00000  1.48       1       1       1        1   1.48
1890-1899        0      0.12659  0.11648  0.31  100000   11648   92011  5460074  54.60
1890-1899        1      0.05089  0.04957  0.47   88352    4379   86052  5368063  60.76
1890-1899        2      0.02122  0.02099  0.49   83973    1763   83082  5282010  62.90
1890-1899        3      0.01248  0.01241  0.49   82210    1020   81693  5198928  63.24
1890-1899        4      0.00879  0.00875  0.49   81190     710   80831  5117235  63.03
1890-1899        5      0.00653  0.00651  0.50   80480     524   80217  5036404  62.58
1890-1899        6      0.00530  0.00528  0.50   79956     423   79745  4956186  61.99
1890-1899        7      0.00437  0.00436  0.50   79534     347   79360  4876442  61.31
1890-1899        8      0.00369  0.00369  0.50   79187     292   79041  4797082  60.58
1890-1899        9      0.00326  0.00325  0.50   78895     256   78766  4718041  59.80
1890-1899       10      0.00301  0.00301  0.50   78638     237   78521  4639274  59.00
1890-1899       11      0.00287  0.00286  0.50   78402     224   78290  4560753  58.17
1890-1899       12      0.00283  0.00282  0.50   78177     221   78068  4482463  57.34
1890-1899       13      0.00291  0.00290  0.50   77956     226   77844  4404396  56.50
1890-1899       14      0.00307  0.00307  0.50   77730     238   77612  4326551  55.66
1890-1899       15      0.00331  0.00330  0.50   77492     256   77365  4248940  54.83
1890-1899       16      0.00352  0.00351  0.50   77236     271   77101  4171575  54.01
1890-1899       17      0.00369  0.00368  0.50   76964     283   76824  4094473  53.20
1890-1899       18      0.00393  0.00392  0.51   76681     301   76533  4017650  52.39
1890-1899       19      0.00428  0.00427  0.50   76380     326   76217  3941117  51.60
1890-1899       20      0.00431  0.00430  0.50   76054     327   75890  3864899  50.82
1890-1899       21      0.00438  0.00437  0.50   75727     331   75561  3789009  50.03
1890-1899       22      0.00450  0.00449  0.50   75397     338   75227  3713448  49.25
1890-1899       23      0.00460  0.00459  0.50   75058     344   74885  3638221  48.47
1890-1899       24      0.00471  0.00470  0.50   74714     351   74537  3563337  47.69
1890-1899       25      0.00482  0.00480  0.49   74363     357   74183  3488799  46.92
1890-1899       26      0.00491  0.00490  0.50   74006     362   73823  3414617  46.14
1890-1899       27      0.00502  0.00501  0.50   73643     369   73457  3340794  45.36
1890-1899       28      0.00494  0.00493  0.49   73275     361   73090  3267337  44.59
1890-1899       29      0.00453  0.00452  0.50   72913     330   72747  3194246  43.81
1890-1899       30      0.00442  0.00441  0.50   72583     320   72423  3121499  43.01
1890-1899       31      0.00440  0.00439  0.50   72263     317   72104  3049076  42.19
1890-1899       32      0.00443  0.00442  0.50   71946     318   71787  2976972  41.38
1890-1899       33      0.00452  0.00451  0.50   71628     323   71467  2905186  40.56
1890-1899       34      0.00464  0.00462  0.50   71305     330   71140  2833719  39.74
1890-1899       35      0.00475  0.00474  0.50   70975     336   70808  2762579  38.92
1890-1899       36      0.00487  0.00486  0.50   70639     343   70468  2691771  38.11
1890-1899       37      0.00496  0.00494  0.50   70296     348   70122  2621303  37.29
1890-1899       38      0.00498  0.00496  0.50   69948     347   69775  2551181  36.47
1890-1899       39      0.00499  0.00497  0.50   69601     346   69428  2481406  35.65
1890-1899       40      0.00503  0.00502  0.50   69255     347   69082  2411978  34.83
1890-1899       41      0.00520  0.00518  0.50   68908     357   68730  2342897  34.00
1890-1899       42      0.00537  0.00535  0.50   68551     367   68367  2274167  33.18
1890-1899       43      0.00549  0.00548  0.50   68184     373   67997  2205799  32.35
1890-1899       44      0.00562  0.00560  0.50   67810     380   67620  2137803  31.53
1890-1899       45      0.00577  0.00576  0.50   67430     388   67236  2070182  30.70
1890-1899       46      0.00598  0.00597  0.50   67042     400   66842  2002946  29.88
1890-1899       47      0.00623  0.00621  0.50   66642     414   66435  1936104  29.05
1890-1899       48      0.00656  0.00653  0.50   66228     433   66012  1869669  28.23
1890-1899       49      0.00693  0.00690  0.50   65795     454   65568  1803657  27.41
1890-1899       50      0.00733  0.00730  0.50   65341     477   65102  1738089  26.60
1890-1899       51      0.00773  0.00770  0.50   64864     500   64614  1672987  25.79
1890-1899       52      0.00823  0.00819  0.50   64364     527   64101  1608373  24.99
1890-1899       53      0.00875  0.00871  0.50   63837     556   63558  1544273  24.19
1890-1899       54      0.00929  0.00924  0.50   63281     585   62988  1480714  23.40
1890-1899       55      0.00986  0.00982  0.50   62696     615   62388  1417726  22.61
1890-1899       56      0.01054  0.01048  0.50   62081     651   61755  1355338  21.83
1890-1899       57      0.01130  0.01123  0.50   61430     690   61084  1293584  21.06
1890-1899       58      0.01223  0.01216  0.50   60740     738   60370  1232499  20.29
1890-1899       59      0.01336  0.01327  0.50   60001     796   59603  1172129  19.54
1890-1899       60      0.01453  0.01442  0.50   59205     854   58778  1112527  18.79
1890-1899       61      0.01576  0.01564  0.50   58352     913   57895  1053749  18.06
1890-1899       62      0.01727  0.01713  0.50   57439     984   56948   995853  17.34
1890-1899       63      0.01909  0.01891  0.50   56455    1068   55923   938906  16.63
1890-1899       64      0.02077  0.02056  0.50   55387    1139   54818   882983  15.94
1890-1899       65      0.02257  0.02232  0.50   54249    1211   53645   828165  15.27
1890-1899       66      0.02476  0.02446  0.50   53038    1297   52391   774521  14.60
1890-1899       67      0.02719  0.02683  0.50   51741    1388   51048   722130  13.96
1890-1899       68      0.02954  0.02911  0.50   50353    1466   49621   671081  13.33
1890-1899       69      0.03259  0.03207  0.50   48887    1568   48104   621460  12.71
1890-1899       70      0.03617  0.03553  0.50   47319    1681   46481   573356  12.12
1890-1899       71      0.03849  0.03777  0.50   45638    1724   44778   526875  11.54
1890-1899       72      0.04322  0.04231  0.50   43914    1858   42989   482097  10.98
1890-1899       73      0.04633  0.04529  0.50   42056    1905   41106   439108  10.44
1890-1899       74      0.05126  0.04998  0.50   40152    2007   39151   398002   9.91
1890-1899       75      0.05589  0.05437  0.50   38145    2074   37113   358850   9.41
1890-1899       76      0.06074  0.05896  0.50   36071    2127   35012   321737   8.92
1890-1899       77      0.06758  0.06538  0.50   33944    2219   32840   286725   8.45
1890-1899       78      0.07369  0.07108  0.50   31725    2255   30602   253885   8.00
1890-1899       79      0.07853  0.07557  0.50   29470    2227   28362   223284   7.58
1890-1899       80      0.08615  0.08261  0.50   27243    2251   26122   194922   7.16
1890-1899       81      0.09158  0.08759  0.50   24992    2189   23904   168799   6.75
1890-1899       82      0.10316  0.09813  0.50   22803    2238   21689   144895   6.35
1890-1899       83      0.11257  0.10659  0.50   20565    2192   19473   123206   5.99
1890-1899       84      0.12127  0.11435  0.50   18373    2101   17325   103733   5.65
1890-1899       85      0.13339  0.12506  0.50   16272    2035   15256    86408   5.31
1890-1899       86      0.14603  0.13609  0.50   14237    1938   13268    71152   5.00
1890-1899       87      0.15510  0.14396  0.50   12300    1771   11416    57884   4.71
1890-1899       88      0.17039  0.15701  0.50   10529    1653    9702    46468   4.41
1890-1899       89      0.18433  0.16878  0.50    8876    1498    8127    36766   4.14
1890-1899       90      0.20325  0.18443  0.50    7378    1361    6694    28639   3.88
1890-1899       91      0.22021  0.19828  0.50    6017    1193    5418    21944   3.65
1890-1899       92      0.23200  0.20774  0.50    4824    1002    4320    16526   3.43
1890-1899       93      0.25977  0.22979  0.50    3822     878    3381    12206   3.19
1890-1899       94      0.28194  0.24697  0.50    2944     727    2579     8826   3.00
1890-1899       95      0.30081  0.26115  0.50    2217     579    1924     6247   2.82
1890-1899       96      0.32291  0.27760  0.49    1638     455    1408     4322   2.64
1890-1899       97      0.35258  0.29941  0.50    1183     354    1005     2915   2.46
1890-1899       98      0.38772  0.32417  0.49     829     269     693     1910   2.30
1890-1899       99      0.39756  0.33108  0.49     560     185     467     1217   2.17
1890-1899      100      0.45753  0.37058  0.49     375     139     304      750   2.00
1890-1899      101      0.48454  0.38854  0.49     236      92     189      447   1.89
1890-1899      102      0.51818  0.40970  0.49     144      59     114      258   1.79
1890-1899      103      0.54903  0.42910  0.49      85      37      67      144   1.69
1890-1899      104      0.63165  0.47880  0.49      49      23      37       77   1.59
1890-1899      105      0.61948  0.46980  0.49      25      12      19       40   1.59
1890-1899      106      0.75907  0.54778  0.49      13       7      10       21   1.56
1890-1899      107      0.54609  0.42465  0.48       6       3       5       11   1.86
1890-1899      108      0.48423  0.38529  0.47       3       1       3        7   1.89
1890-1899      109      0.33746  0.28736  0.48       2       1       2        4   1.78
1890-1899      110+     0.77042  1.00000  1.30       2       2       2        2   1.30
1900-1909        0      0.11446  0.10613  0.31  100000   10613   92721  5861420  58.61
1900-1909        1      0.04105  0.04019  0.47   89387    3592   87497  5768699  64.54
1900-1909        2      0.01713  0.01698  0.50   85795    1457   85061  5681202  66.22
1900-1909        3      0.01021  0.01016  0.50   84338     857   83906  5596141  66.35
1900-1909        4      0.00715  0.00712  0.50   83481     594   83182  5512235  66.03
1900-1909        5      0.00546  0.00545  0.50   82887     452   82661  5429053  65.50
1900-1909        6      0.00452  0.00451  0.50   82435     372   82249  5346392  64.86
1900-1909        7      0.00371  0.00370  0.50   82063     304   81911  5264143  64.15
1900-1909        8      0.00312  0.00311  0.50   81760     254   81633  5182232  63.38
1900-1909        9      0.00282  0.00281  0.50   81505     229   81390  5100599  62.58
1900-1909       10      0.00260  0.00260  0.50   81276     211   81170  5019209  61.76
1900-1909       11      0.00251  0.00250  0.50   81065     203   80963  4938039  60.91
1900-1909       12      0.00250  0.00250  0.50   80862     202   80761  4857076  60.07
1900-1909       13      0.00256  0.00256  0.50   80660     206   80557  4776315  59.22
1900-1909       14      0.00270  0.00270  0.50   80454     217   80345  4695759  58.37
1900-1909       15      0.00291  0.00291  0.50   80237     233   80119  4615414  57.52
1900-1909       16      0.00308  0.00308  0.50   80003     246   79879  4535294  56.69
1900-1909       17      0.00324  0.00323  0.50   79757     258   79627  4455415  55.86
1900-1909       18      0.00331  0.00330  0.49   79499     263   79366  4375787  55.04
1900-1909       19      0.00317  0.00317  0.50   79236     251   79112  4296421  54.22
1900-1909       20      0.00320  0.00320  0.50   78986     252   78859  4217309  53.39
1900-1909       21      0.00325  0.00325  0.50   78733     256   78606  4138450  52.56
1900-1909       22      0.00328  0.00328  0.50   78478     257   78349  4059844  51.73
1900-1909       23      0.00334  0.00333  0.50   78220     261   78090  3981495  50.90
1900-1909       24      0.00342  0.00342  0.50   77960     266   77827  3903405  50.07
1900-1909       25      0.00348  0.00347  0.50   77694     270   77559  3825578  49.24
1900-1909       26      0.00351  0.00351  0.50   77424     272   77288  3748019  48.41
1900-1909       27      0.00354  0.00353  0.50   77152     272   77016  3670731  47.58
1900-1909       28      0.00353  0.00352  0.50   76880     271   76744  3593715  46.74
1900-1909       29      0.00349  0.00348  0.50   76609     267   76475  3516971  45.91
1900-1909       30      0.00346  0.00345  0.50   76342     263   76210  3440496  45.07
1900-1909       31      0.00348  0.00348  0.50   76079     265   75947  3364286  44.22
1900-1909       32      0.00349  0.00348  0.50   75814     264   75682  3288339  43.37
1900-1909       33      0.00349  0.00348  0.50   75550     263   75418  3212658  42.52
1900-1909       34      0.00352  0.00351  0.50   75287     264   75155  3137239  41.67
1900-1909       35      0.00355  0.00354  0.50   75023     266   74890  3062085  40.82
1900-1909       36      0.00356  0.00355  0.50   74757     265   74624  2987195  39.96
1900-1909       37      0.00356  0.00356  0.50   74491     265   74359  2912571  39.10
1900-1909       38      0.00361  0.00360  0.50   74227     268   74093  2838212  38.24
1900-1909       39      0.00368  0.00367  0.50   73959     272   73823  2764120  37.37
1900-1909       40      0.00373  0.00373  0.50   73687     275   73550  2690296  36.51
1900-1909       41      0.00376  0.00375  0.50   73413     276   73274  2616747  35.64
1900-1909       42      0.00382  0.00381  0.50   73137     278   72997  2543472  34.78
1900-1909       43      0.00393  0.00392  0.50   72859     286   72715  2470475  33.91
1900-1909       44      0.00410  0.00409  0.50   72573     297   72424  2397760  33.04
1900-1909       45      0.00431  0.00430  0.50   72276     311   72120  2325336  32.17
1900-1909       46      0.00456  0.00455  0.50   71965     327   71801  2253216  31.31
1900-1909       47      0.00486  0.00484  0.50   71638     347   71464  2181416  30.45
1900-1909       48      0.00518  0.00516  0.50   71291     368   71106  2109952  29.60
1900-1909       49      0.00552  0.00551  0.50   70923     391   70726  2038846  28.75
1900-1909       50      0.00589  0.00587  0.50   70532     414   70324  1968120  27.90
1900-1909       51      0.00630  0.00628  0.50   70118     440   69897  1897795  27.07
1900-1909       52      0.00675  0.00673  0.50   69678     469   69443  1827898  26.23
1900-1909       53      0.00724  0.00721  0.50   69209     499   68959  1758455  25.41
1900-1909       54      0.00788  0.00785  0.50   68710     539   68440  1689497  24.59
1900-1909       55      0.00845  0.00841  0.50   68171     573   67883  1621056  23.78
1900-1909       56      0.00922  0.00917  0.50   67598     620   67287  1553173  22.98
1900-1909       57      0.00994  0.00989  0.50   66978     662   66645  1485885  22.18
1900-1909       58      0.01096  0.01090  0.50   66315     723   65953  1419240  21.40
1900-1909       59      0.01178  0.01172  0.50   65592     768   65207  1353288  20.63
1900-1909       60      0.01295  0.01286  0.50   64824     834   64407  1288081  19.87
1900-1909       61      0.01435  0.01425  0.50   63990     912   63534  1223674  19.12
1900-1909       62      0.01533  0.01521  0.50   63078     959   62598  1160140  18.39
1900-1909       63      0.01661  0.01647  0.50   62119    1023   61606  1097542  17.67
1900-1909       64      0.01846  0.01829  0.50   61096    1118   60537  1035937  16.96
1900-1909       65      0.01990  0.01970  0.50   59978    1182   59388   975400  16.26
1900-1909       66      0.02187  0.02163  0.50   58796    1272   58160   916011  15.58
1900-1909       67      0.02325  0.02298  0.50   57524    1322   56863   857852  14.91
1900-1909       68      0.02606  0.02573  0.50   56202    1446   55481   800989  14.25
1900-1909       69      0.02848  0.02808  0.50   54757    1538   53987   745508  13.61
1900-1909       70      0.03081  0.03034  0.50   53219    1615   52411   691521  12.99
1900-1909       71      0.03437  0.03379  0.50   51604    1744   50733   639110  12.38
1900-1909       72      0.03739  0.03670  0.50   49861    1830   48946   588377  11.80
1900-1909       73      0.04063  0.03982  0.50   48031    1913   47074   539430  11.23
1900-1909       74      0.04407  0.04312  0.50   46118    1988   45123   492357  10.68
1900-1909       75      0.04808  0.04695  0.50   44130    2072   43095   447234  10.13
1900-1909       76      0.05319  0.05181  0.50   42057    2179   40967   404138   9.61
1900-1909       77      0.05885  0.05717  0.50   39878    2280   38741   363171   9.11
1900-1909       78      0.06233  0.06045  0.50   37598    2273   36461   324430   8.63
1900-1909       79      0.06904  0.06673  0.50   35326    2357   34146   287970   8.15
1900-1909       80      0.07628  0.07348  0.50   32968    2422   31757   253824   7.70
1900-1909       81      0.08165  0.07845  0.50   30546    2396   29346   222067   7.27
1900-1909       82      0.09075  0.08680  0.50   28150    2444   26926   192721   6.85
1900-1909       83      0.09949  0.09478  0.50   25706    2436   24488   165795   6.45
1900-1909       84      0.10730  0.10183  0.50   23270    2369   22084   141307   6.07
1900-1909       85      0.11586  0.10949  0.50   20900    2288   19752   119223   5.70
1900-1909       86      0.12748  0.11981  0.50   18612    2230   17493    99471   5.34
1900-1909       87      0.14068  0.13140  0.50   16382    2153   15302    81978   5.00
1900-1909       88      0.14975  0.13929  0.50   14230    1982   13235    66677   4.69
1900-1909       89      0.16478  0.15220  0.50   12248    1864   11313    53441   4.36
1900-1909       90      0.18375  0.16814  0.49   10383    1746    9501    42128   4.06
1900-1909       91      0.20139  0.18283  0.50    8638    1579    7841    32627   3.78
1900-1909       92      0.22242  0.20004  0.50    7058    1412    6348    24785   3.51
1900-1909       93      0.24452  0.21769  0.50    5646    1229    5027    18437   3.27
1900-1909       94      0.27249  0.23959  0.50    4417    1058    3884    13411   3.04
1900-1909       95      0.29618  0.25754  0.49    3359     865    2921     9527   2.84
1900-1909       96      0.31637  0.27260  0.49    2494     680    2149     6606   2.65
1900-1909       97      0.35992  0.30430  0.49    1814     552    1534     4457   2.46
1900-1909       98      0.38432  0.32180  0.49    1262     406    1057     2923   2.32
1900-1909       99      0.40245  0.33416  0.49     856     286     711     1867   2.18
1900-1909      100      0.43989  0.35882  0.49     570     204     465     1156   2.03
1900-1909      101      0.50458  0.40069  0.49     365     146     290      691   1.89
1900-1909      102      0.51801  0.40880  0.48     219      90     173      401   1.83
1900-1909      103      0.50739  0.40240  0.49     129      52     103      228   1.76
1900-1909      104      0.57232  0.44127  0.48      77      34      60      125   1.62
1900-1909      105      0.59140  0.45400  0.49      43      20      33       66   1.52
1900-1909      106      0.62319  0.47086  0.48      24      11      18       33   1.38
1900-1909      107      0.75118  0.54213  0.49      12       7       9       15   1.18
1900-1909      108      0.85962  0.59317  0.48       6       3       4        6   1.00
1900-1909      109      1.14187  0.71464  0.48       2       2       1        2   0.76
1900-1909      110+     2.17126  1.00000  0.46       1       1       0        0   0.46
1910-1919        0      0.10431  0.09735  0.31  100000    9735   93323  6116125  61.16
1910-1919        1      0.03677  0.03607  0.47   90265    3256   88543  6022802  66.72
1910-1919        2      0.01540  0.01528  0.50   87009    1330   86338  5934260  68.20
1910-1919        3      0.00954  0.00949  0.49   85680     813   85265  5847922  68.25
1910-1919        4      0.00642  0.00640  0.49   84867     543   84590  5762657  67.90
1910-1919        5      0.00472  0.00471  0.49   84324     397   84122  5678067  67.34
1910-1919        6      0.00374  0.00374  0.49   83927     314   83768  5593945  66.65
1910-1919        7      0.00300  0.00300  0.49   83614     251   83486  5510177  65.90
1910-1919        8      0.00249  0.00248  0.49   83363     207   83258  5426691  65.10
1910-1919        9      0.00204  0.00203  0.49   83156     169   83070  5343433  64.26
1910-1919       10      0.00179  0.00179  0.50   82987     148   82913  5260363  63.39
1910-1919       11      0.00165  0.00165  0.50   82839     136   82771  5177450  62.50
1910-1919       12      0.00163  0.00162  0.50   82702     134   82635  5094679  61.60
1910-1919       13      0.00174  0.00174  0.50   82568     144   82497  5012044  60.70
1910-1919       14      0.00194  0.00194  0.50   82424     160   82345  4929547  59.81
1910-1919       15      0.00218  0.00218  0.50   82264     179   82175  4847202  58.92
1910-1919       16      0.00239  0.00239  0.50   82085     196   81988  4765027  58.05
1910-1919       17      0.00259  0.00259  0.50   81889     212   81784  4683040  57.19
1910-1919       18      0.00275  0.00275  0.50   81677     225   81565  4601256  56.33
1910-1919       19      0.00284  0.00283  0.50   81452     231   81338  4519690  55.49
1910-1919       20      0.00290  0.00289  0.50   81222     235   81105  4438353  54.64
1910-1919       21      0.00298  0.00297  0.50   80987     241   80867  4357248  53.80
1910-1919       22      0.00308  0.00308  0.50   80746     248   80622  4276381  52.96
1910-1919       23      0.00320  0.00319  0.50   80498     257   80370  4195759  52.12
1910-1919       24      0.00329  0.00329  0.50   80241     264   80109  4115389  51.29
1910-1919       25      0.00332  0.00332  0.50   79977     265   79844  4035280  50.46
1910-1919       26      0.00332  0.00332  0.50   79712     265   79579  3955436  49.62
1910-1919       27      0.00330  0.00330  0.50   79447     262   79316  3875857  48.79
1910-1919       28      0.00325  0.00324  0.50   79185     257   79056  3796541  47.95
1910-1919       29      0.00318  0.00318  0.50   78928     251   78802  3717485  47.10
1910-1919       30      0.00306  0.00306  0.50   78677     240   78556  3638682  46.25
1910-1919       31      0.00287  0.00287  0.49   78437     225   78323  3560126  45.39
1910-1919       32      0.00271  0.00270  0.49   78212     211   78105  3481803  44.52
1910-1919       33      0.00258  0.00258  0.49   78000     201   77898  3403699  43.64
1910-1919       34      0.00248  0.00247  0.49   77799     192   77702  3325800  42.75
1910-1919       35      0.00242  0.00242  0.50   77607     188   77512  3248098  41.85
1910-1919       36      0.00239  0.00239  0.49   77419     185   77326  3170586  40.95
1910-1919       37      0.00239  0.00238  0.49   77235     184   77142  3093260  40.05
1910-1919       38      0.00242  0.00242  0.49   77051     186   76956  3016119  39.14
1910-1919       39      0.00250  0.00249  0.49   76864     192   76767  2939162  38.24
1910-1919       40      0.00259  0.00258  0.49   76673     198   76572  2862395  37.33
1910-1919       41      0.00270  0.00269  0.50   76474     206   76370  2785822  36.43
1910-1919       42      0.00288  0.00287  0.50   76268     219   76158  2709452  35.53
1910-1919       43      0.00314  0.00314  0.50   76049     239   75930  2633294  34.63
1910-1919       44      0.00331  0.00330  0.50   75810     250   75685  2557364  33.73
1910-1919       45      0.00352  0.00351  0.50   75560     265   75427  2481680  32.84
1910-1919       46      0.00383  0.00382  0.50   75295     288   75150  2406253  31.96
1910-1919       47      0.00415  0.00415  0.50   75007     311   74851  2331102  31.08
1910-1919       48      0.00436  0.00435  0.50   74696     325   74533  2256251  30.21
1910-1919       49      0.00487  0.00486  0.50   74371     362   74190  2181718  29.34
1910-1919       50      0.00541  0.00539  0.50   74010     399   73810  2107528  28.48
1910-1919       51      0.00584  0.00583  0.50   73611     429   73396  2033717  27.63
1910-1919       52      0.00652  0.00650  0.50   73182     476   72944  1960322  26.79
1910-1919       53      0.00725  0.00722  0.50   72706     525   72443  1887378  25.96
1910-1919       54      0.00762  0.00759  0.50   72181     548   71905  1814935  25.14
1910-1919       55      0.00821  0.00818  0.50   71633     586   71340  1743030  24.33
1910-1919       56      0.00912  0.00908  0.50   71047     645   70723  1671690  23.53
1910-1919       57      0.00991  0.00987  0.50   70402     695   70054  1600967  22.74
1910-1919       58      0.01046  0.01040  0.50   69708     725   69344  1530913  21.96
1910-1919       59      0.01191  0.01184  0.50   68982     817   68572  1461569  21.19
1910-1919       60      0.01289  0.01280  0.50   68166     873   67729  1392996  20.44
1910-1919       61      0.01378  0.01369  0.50   67293     921   66832  1325268  19.69
1910-1919       62      0.01504  0.01492  0.50   66372     991   65874  1258436  18.96
1910-1919       63      0.01604  0.01591  0.50   65382    1040   64860  1192561  18.24
1910-1919       64      0.01805  0.01789  0.50   64342    1151   63763  1127702  17.53
1910-1919       65      0.01979  0.01959  0.50   63190    1238   62569  1063939  16.84
1910-1919       66      0.02131  0.02109  0.50   61952    1306   61299  1001370  16.16
1910-1919       67      0.02275  0.02249  0.50   60646    1364   59963   940071  15.50
1910-1919       68      0.02450  0.02420  0.50   59282    1435   58561   880108  14.85
1910-1919       69      0.02738  0.02701  0.50   57847    1563   57064   821547  14.20
1910-1919       70      0.02971  0.02927  0.50   56285    1647   55460   764483  13.58
1910-1919       71      0.03094  0.03047  0.50   54637    1665   53802   709024  12.98
1910-1919       72      0.03532  0.03471  0.50   52972    1839   52049   655222  12.37
1910-1919       73      0.03756  0.03686  0.50   51134    1885   50189   603173  11.80
1910-1919       74      0.04088  0.04006  0.50   49249    1973   48259   552984  11.23
1910-1919       75      0.04463  0.04365  0.50   47276    2064   46242   504726  10.68
1910-1919       76      0.04801  0.04688  0.50   45212    2120   44150   458483  10.14
1910-1919       77      0.05223  0.05089  0.50   43093    2193   41991   414334   9.61
1910-1919       78      0.05688  0.05531  0.50   40900    2262   39765   372343   9.10
1910-1919       79      0.06224  0.06035  0.50   38638    2332   37468   332578   8.61
1910-1919       80      0.06797  0.06573  0.50   36306    2386   35108   295110   8.13
1910-1919       81      0.07470  0.07200  0.50   33920    2442   32694   260002   7.67
1910-1919       82      0.08043  0.07731  0.50   31477    2433   30256   227308   7.22
1910-1919       83      0.08865  0.08487  0.50   29044    2465   27806   197052   6.78
1910-1919       84      0.09667  0.09220  0.50   26579    2451   25349   169246   6.37
1910-1919       85      0.10631  0.10091  0.50   24128    2435   22901   143897   5.96
1910-1919       86      0.11627  0.10983  0.50   21694    2383   20493   120996   5.58
1910-1919       87      0.13199  0.12377  0.50   19311    2390   18108   100503   5.20
1910-1919       88      0.14405  0.13431  0.50   16921    2273   15777    82396   4.87
1910-1919       89      0.15545  0.14415  0.50   14648    2112   13584    66619   4.55
1910-1919       90      0.17310  0.15918  0.49   12537    1996   11529    53035   4.23
1910-1919       91      0.19089  0.17408  0.49   10541    1835    9613    41507   3.94
1910-1919       92      0.20844  0.18857  0.49    8706    1642    7876    31894   3.66
1910-1919       93      0.23649  0.21122  0.49    7064    1492    6310    24018   3.40
1910-1919       94      0.25713  0.22750  0.49    5572    1268    4930    17708   3.18
1910-1919       95      0.27571  0.24184  0.49    4305    1041    3776    12778   2.97
1910-1919       96      0.30411  0.26342  0.49    3264     860    2827     9002   2.76
1910-1919       97      0.32718  0.28041  0.49    2404     674    2060     6175   2.57
1910-1919       98      0.37164  0.31231  0.49    1730     540    1454     4115   2.38
1910-1919       99      0.38689  0.32311  0.49    1190     384     993     2661   2.24
1910-1919      100      0.43127  0.35309  0.49     805     284     659     1668   2.07
1910-1919      101      0.44249  0.35951  0.48     521     187     423     1009   1.94
1910-1919      102      0.55947  0.43462  0.49     334     145     259      586   1.76
1910-1919      103      0.51132  0.40534  0.49     189      76     150      326   1.73
1910-1919      104      0.57855  0.44770  0.49     112      50      87      177   1.58
1910-1919      105      0.67112  0.49578  0.47      62      31      46       90   1.45
1910-1919      106      0.58359  0.44991  0.49      31      14      24       44   1.42
1910-1919      107      0.75895  0.55040  0.50      17       9      12       20   1.17
1910-1919      108      0.83945  0.58522  0.48       8       5       5        8   1.00
1910-1919      109      1.23978  0.74468  0.46       3       2       2        2   0.72
1910-1919      110+     2.08333  1.00000  0.48       1       1       0        0   0.48
1920-1925        0      0.08435  0.07974  0.31  100000    7974   94531  6492766  64.93
1920-1925        1      0.02843  0.02801  0.48   92026    2578   90681  6398235  69.53
1920-1925        2      0.01073  0.01068  0.48   89448     955   88956  6307554  70.52
1920-1925        3      0.00582  0.00580  0.49   88494     513   88234  6218598  70.27
1920-1925        4      0.00413  0.00412  0.49   87980     363   87796  6130364  69.68
1920-1925        5      0.00312  0.00311  0.50   87618     273   87481  6042568  68.97
1920-1925        6      0.00266  0.00265  0.50   87345     232   87229  5955087  68.18
1920-1925        7      0.00229  0.00229  0.50   87113     200   87013  5867858  67.36
1920-1925        8      0.00192  0.00192  0.50   86914     167   86830  5780845  66.51
1920-1925        9      0.00161  0.00161  0.50   86747     140   86677  5694016  65.64
1920-1925       10      0.00142  0.00142  0.50   86607     123   86546  5607339  64.74
1920-1925       11      0.00133  0.00133  0.50   86484     115   86427  5520793  63.84
1920-1925       12      0.00132  0.00132  0.50   86369     114   86312  5434366  62.92
1920-1925       13      0.00135  0.00135  0.50   86255     116   86197  5348054  62.00
1920-1925       14      0.00149  0.00149  0.50   86138     128   86075  5261857  61.09
1920-1925       15      0.00185  0.00185  0.51   86010     159   85933  5175782  60.18
1920-1925       16      0.00224  0.00223  0.51   85851     192   85757  5089850  59.29
1920-1925       17      0.00251  0.00250  0.51   85660     215   85554  5004093  58.42
1920-1925       18      0.00271  0.00271  0.51   85445     231   85331  4918539  57.56
1920-1925       19      0.00291  0.00291  0.51   85214     248   85091  4833209  56.72
1920-1925       20      0.00312  0.00312  0.50   84966     265   84833  4748117  55.88
1920-1925       21      0.00330  0.00329  0.50   84701     279   84561  4663284  55.06
1920-1925       22      0.00334  0.00334  0.50   84422     282   84281  4578723  54.24
1920-1925       23      0.00324  0.00324  0.50   84140     272   84004  4494442  53.42
1920-1925       24      0.00301  0.00301  0.50   83868     252   83741  4410438  52.59
1920-1925       25      0.00279  0.00278  0.50   83616     233   83498  4326697  51.75
1920-1925       26      0.00251  0.00251  0.49   83383     209   83277  4243199  50.89
1920-1925       27      0.00219  0.00219  0.49   83174     182   83081  4159922  50.01
1920-1925       28      0.00191  0.00191  0.49   82992     158   82911  4076841  49.12
1920-1925       29      0.00168  0.00167  0.49   82834     139   82763  3993930  48.22
1920-1925       30      0.00152  0.00152  0.49   82695     126   82631  3911168  47.30
1920-1925       31      0.00144  0.00144  0.49   82569     119   82508  3828537  46.37
1920-1925       32      0.00140  0.00140  0.49   82450     115   82391  3746029  45.43
1920-1925       33      0.00138  0.00138  0.49   82334     114   82277  3663637  44.50
1920-1925       34      0.00139  0.00139  0.49   82221     115   82163  3581360  43.56
1920-1925       35      0.00149  0.00149  0.50   82106     122   82045  3499197  42.62
1920-1925       36      0.00163  0.00163  0.50   81984     133   81917  3417153  41.68
1920-1925       37      0.00175  0.00175  0.50   81850     143   81778  3335236  40.75
1920-1925       38      0.00183  0.00183  0.49   81707     149   81632  3253457  39.82
1920-1925       39      0.00189  0.00189  0.50   81558     154   81480  3171826  38.89
1920-1925       40      0.00215  0.00215  0.50   81404     175   81317  3090345  37.96
1920-1925       41      0.00235  0.00235  0.50   81230     191   81134  3009028  37.04
1920-1925       42      0.00271  0.00271  0.50   81038     219   80928  2927895  36.13
1920-1925       43      0.00285  0.00284  0.49   80819     230   80703  2846967  35.23
1920-1925       44      0.00301  0.00300  0.50   80589     242   80467  2766264  34.33
1920-1925       45      0.00340  0.00339  0.50   80347     273   80210  2685796  33.43
1920-1925       46      0.00413  0.00412  0.50   80075     330   79909  2605586  32.54
1920-1925       47      0.00425  0.00424  0.50   79745     338   79575  2525677  31.67
1920-1925       48      0.00465  0.00464  0.49   79407     368   79220  2446102  30.80
1920-1925       49      0.00505  0.00504  0.49   79038     398   78837  2366882  29.95
1920-1925       50      0.00544  0.00543  0.49   78640     427   78424  2288045  29.10
1920-1925       51      0.00576  0.00574  0.49   78213     449   77985  2209621  28.25
1920-1925       52      0.00674  0.00672  0.50   77764     522   77500  2131636  27.41
1920-1925       53      0.00736  0.00734  0.49   77242     567   76955  2054136  26.59
1920-1925       54      0.00799  0.00796  0.50   76675     610   76368  1977181  25.79
1920-1925       55      0.00831  0.00827  0.49   76065     629   75745  1900814  24.99
1920-1925       56      0.00888  0.00884  0.49   75435     667   75097  1825068  24.19
1920-1925       57      0.00981  0.00977  0.49   74768     730   74399  1749971  23.41
1920-1925       58      0.01047  0.01042  0.49   74038     771   73648  1675572  22.63
1920-1925       59      0.01129  0.01123  0.49   73267     822   72851  1601924  21.86
1920-1925       60      0.01250  0.01242  0.49   72444     900   71989  1529073  21.11
1920-1925       61      0.01311  0.01302  0.50   71545     932   71075  1457083  20.37
1920-1925       62      0.01438  0.01428  0.50   70613    1008   70106  1386009  19.63
1920-1925       63      0.01592  0.01579  0.50   69604    1099   69051  1315902  18.91
1920-1925       64      0.01696  0.01681  0.49   68505    1152   67923  1246851  18.20
1920-1925       65      0.01855  0.01838  0.50   67353    1238   66730  1178928  17.50
1920-1925       66      0.01995  0.01975  0.49   66116    1306   65456  1112198  16.82
1920-1925       67      0.02189  0.02165  0.50   64810    1403   64103  1046742  16.15
1920-1925       68      0.02399  0.02370  0.50   63407    1503   62649   982639  15.50
1920-1925       69      0.02516  0.02484  0.49   61904    1538   61125   919989  14.86
1920-1925       70      0.02750  0.02712  0.50   60367    1637   59540   858865  14.23
1920-1925       71      0.02985  0.02941  0.50   58729    1727   57859   799324  13.61
1920-1925       72      0.03177  0.03126  0.49   57002    1782   56102   741466  13.01
1920-1925       73      0.03407  0.03350  0.50   55220    1850   54286   685364  12.41
1920-1925       74      0.03658  0.03591  0.50   53370    1917   52403   631078  11.82
1920-1925       75      0.04051  0.03969  0.49   51453    2042   50420   578675  11.25
1920-1925       76      0.04337  0.04244  0.50   49411    2097   48356   528255  10.69
1920-1925       77      0.04699  0.04590  0.50   47314    2172   46221   479899  10.14
1920-1925       78      0.05153  0.05023  0.50   45142    2267   43999   433678   9.61
1920-1925       79      0.05487  0.05339  0.49   42875    2289   41719   389679   9.09
1920-1925       80      0.06116  0.05933  0.50   40586    2408   39372   347960   8.57
1920-1925       81      0.06659  0.06442  0.50   38178    2460   36938   308588   8.08
1920-1925       82      0.07407  0.07140  0.50   35718    2550   34433   271650   7.61
1920-1925       83      0.08052  0.07737  0.50   33168    2566   31872   237216   7.15
1920-1925       84      0.08793  0.08420  0.50   30601    2577   29303   205344   6.71
1920-1925       85      0.09513  0.09077  0.50   28025    2544   26742   176041   6.28
1920-1925       86      0.10527  0.09996  0.50   25481    2547   24196   149300   5.86
1920-1925       87      0.11708  0.11055  0.50   22934    2535   21655   125104   5.45
1920-1925       88      0.12801  0.12023  0.49   20399    2452   19158   103449   5.07
1920-1925       89      0.14215  0.13266  0.50   17946    2381   16747    84291   4.70
1920-1925       90      0.16389  0.15133  0.49   15565    2355   14373    67544   4.34
1920-1925       91      0.18111  0.16588  0.49   13210    2191   12099    53171   4.03
1920-1925       92      0.20563  0.18617  0.49   11019    2051    9976    41072   3.73
1920-1925       93      0.22109  0.19879  0.49    8967    1783    8063    31096   3.47
1920-1925       94      0.25004  0.22198  0.49    7185    1595    6379    23034   3.21
1920-1925       95      0.27875  0.24385  0.49    5590    1363    4890    16655   2.98
1920-1925       96      0.29363  0.25565  0.49    4227    1081    3680    11765   2.78
1920-1925       97      0.32987  0.28234  0.49    3146     888    2693     8085   2.57
1920-1925       98      0.36782  0.30968  0.49    2258     699    1901     5392   2.39
1920-1925       99      0.38364  0.32083  0.49    1559     500    1303     3491   2.24
1920-1925      100      0.43548  0.35610  0.49    1059     377     866     2187   2.07
1920-1925      101      0.44249  0.35951  0.48     682     245     554     1322   1.94
1920-1925      102      0.55634  0.43246  0.49     437     189     339      768   1.76
1920-1925      103      0.50919  0.40370  0.49     248     100     196      429   1.73
1920-1925      104      0.57902  0.44805  0.50     148      66     114      232   1.57
1920-1925      105      0.67803  0.50035  0.48      82      41      60      118   1.45
1920-1925      106      0.58359  0.44991  0.49      41      18      31       58   1.42
1920-1925      107      0.75895  0.55040  0.50      22      12      16       26   1.17
1920-1925      108      0.83945  0.58522  0.48      10       6       7       10   1.00
1920-1925      109      1.23978  0.74468  0.46       4       3       3        3   0.72
1920-1925      110+     2.08333  1.00000  0.48       1       1       1        1   0.48
