Scotland, Life tables (cohort 1x10), Males	Last modified: 02 Apr 2018;  Methods Protocol: v6 (2017)

  Year          Age         mx       qx    ax      lx      dx      Lx       Tx     ex
1855-1859        0      0.14142  0.12867  0.30  100000   12867   90982  4236020  42.36
1855-1859        1      0.06784  0.06550  0.47   87133    5707   84136  4145038  47.57
1855-1859        2      0.03510  0.03449  0.50   81426    2808   80014  4060902  49.87
1855-1859        3      0.02436  0.02407  0.50   78617    1892   77674  3980888  50.64
1855-1859        4      0.01826  0.01810  0.50   76725    1389   76030  3903214  50.87
1855-1859        5      0.01422  0.01412  0.50   75337    1063   74801  3827184  50.80
1855-1859        6      0.01149  0.01142  0.50   74273     848   73848  3752382  50.52
1855-1859        7      0.00929  0.00924  0.50   73425     679   73083  3678535  50.10
1855-1859        8      0.00726  0.00723  0.49   72746     526   72479  3605452  49.56
1855-1859        9      0.00584  0.00582  0.50   72220     421   72009  3532973  48.92
1855-1859       10      0.00526  0.00525  0.50   71800     377   71613  3460964  48.20
1855-1859       11      0.00495  0.00494  0.50   71422     353   71247  3389352  47.45
1855-1859       12      0.00490  0.00488  0.50   71070     347   70898  3318105  46.69
1855-1859       13      0.00511  0.00509  0.50   70723     360   70544  3247207  45.91
1855-1859       14      0.00560  0.00558  0.50   70363     393   70168  3176663  45.15
1855-1859       15      0.00632  0.00630  0.50   69970     441   69752  3106495  44.40
1855-1859       16      0.00702  0.00699  0.51   69529     486   69289  3036744  43.68
1855-1859       17      0.00759  0.00756  0.50   69043     522   68784  2967455  42.98
1855-1859       18      0.00798  0.00795  0.50   68521     545   68251  2898671  42.30
1855-1859       19      0.00817  0.00814  0.50   67977     553   67701  2830421  41.64
1855-1859       20      0.00823  0.00820  0.50   67423     553   67144  2762720  40.98
1855-1859       21      0.00823  0.00820  0.50   66871     548   66595  2695575  40.31
1855-1859       22      0.00827  0.00824  0.50   66322     546   66047  2628981  39.64
1855-1859       23      0.00832  0.00828  0.50   65776     545   65502  2562934  38.96
1855-1859       24      0.00834  0.00830  0.50   65231     541   64959  2497432  38.29
1855-1859       25      0.00818  0.00814  0.49   64690     527   64424  2432473  37.60
1855-1859       26      0.00800  0.00797  0.49   64163     511   63904  2368049  36.91
1855-1859       27      0.00780  0.00777  0.49   63652     494   63401  2304145  36.20
1855-1859       28      0.00761  0.00758  0.49   63157     479   62914  2240743  35.48
1855-1859       29      0.00757  0.00755  0.50   62678     473   62440  2177829  34.75
1855-1859       30      0.00774  0.00771  0.50   62205     480   61964  2115389  34.01
1855-1859       31      0.00806  0.00803  0.50   61726     495   61478  2053425  33.27
1855-1859       32      0.00847  0.00843  0.50   61230     516   60971  1991947  32.53
1855-1859       33      0.00885  0.00881  0.50   60714     535   60446  1930976  31.80
1855-1859       34      0.00924  0.00920  0.50   60180     553   59901  1870530  31.08
1855-1859       35      0.00968  0.00963  0.50   59626     574   59339  1810629  30.37
1855-1859       36      0.00998  0.00993  0.50   59052     586   58758  1751290  29.66
1855-1859       37      0.01023  0.01018  0.50   58465     595   58168  1692532  28.95
1855-1859       38      0.01052  0.01046  0.50   57870     605   57568  1634364  28.24
1855-1859       39      0.01082  0.01077  0.50   57265     616   56958  1576796  27.54
1855-1859       40      0.01111  0.01105  0.50   56648     626   56337  1519838  26.83
1855-1859       41      0.01164  0.01157  0.51   56022     648   55702  1463501  26.12
1855-1859       42      0.01251  0.01243  0.51   55374     688   55034  1407798  25.42
1855-1859       43      0.01331  0.01322  0.50   54686     723   54327  1352764  24.74
1855-1859       44      0.01376  0.01366  0.50   53963     737   53595  1298437  24.06
1855-1859       45      0.01392  0.01382  0.50   53226     736   52859  1244842  23.39
1855-1859       46      0.01418  0.01408  0.50   52490     739   52122  1191983  22.71
1855-1859       47      0.01472  0.01461  0.50   51751     756   51375  1139862  22.03
1855-1859       48      0.01557  0.01545  0.50   50995     788   50603  1088487  21.35
1855-1859       49      0.01644  0.01631  0.50   50207     819   49799  1037884  20.67
1855-1859       50      0.01738  0.01723  0.50   49388     851   48965   988085  20.01
1855-1859       51      0.01841  0.01824  0.50   48537     886   48096   939120  19.35
1855-1859       52      0.01924  0.01905  0.50   47651     908   47199   891024  18.70
1855-1859       53      0.02006  0.01986  0.50   46743     928   46282   843826  18.05
1855-1859       54      0.02102  0.02080  0.50   45815     953   45341   797544  17.41
1855-1859       55      0.02238  0.02213  0.51   44862     993   44371   752203  16.77
1855-1859       56      0.02428  0.02400  0.50   43869    1053   43348   707832  16.14
1855-1859       57      0.02615  0.02582  0.50   42816    1105   42267   664485  15.52
1855-1859       58      0.02732  0.02695  0.50   41711    1124   41149   622217  14.92
1855-1859       59      0.02977  0.02934  0.50   40587    1191   39991   581068  14.32
1855-1859       60      0.03149  0.03100  0.50   39396    1221   38785   541077  13.73
1855-1859       61      0.03355  0.03299  0.50   38175    1260   37545   502292  13.16
1855-1859       62      0.03588  0.03525  0.50   36915    1301   36265   464747  12.59
1855-1859       63      0.03878  0.03804  0.50   35614    1355   34939   428482  12.03
1855-1859       64      0.04064  0.03984  0.50   34259    1365   33582   393543  11.49
1855-1859       65      0.04390  0.04297  0.50   32894    1413   32193   359960  10.94
1855-1859       66      0.04694  0.04587  0.50   31481    1444   30764   327767  10.41
1855-1859       67      0.04988  0.04868  0.50   30037    1462   29312   297003   9.89
1855-1859       68      0.05360  0.05221  0.50   28575    1492   27835   267691   9.37
1855-1859       69      0.05909  0.05742  0.51   27083    1555   26315   239856   8.86
1855-1859       70      0.06628  0.06417  0.51   25528    1638   24717   213541   8.37
1855-1859       71      0.07395  0.07133  0.50   23890    1704   23046   188824   7.90
1855-1859       72      0.08076  0.07765  0.50   22186    1723   21332   165778   7.47
1855-1859       73      0.08619  0.08266  0.50   20463    1691   19624   144446   7.06
1855-1859       74      0.09013  0.08626  0.50   18772    1619   17966   124822   6.65
1855-1859       75      0.09652  0.09213  0.51   17152    1580   16373   106856   6.23
1855-1859       76      0.11043  0.10473  0.51   15572    1631   14768    90483   5.81
1855-1859       77      0.12978  0.12198  0.51   13941    1701   13103    75715   5.43
1855-1859       78      0.15038  0.13996  0.51   12241    1713   11393    62612   5.12
1855-1859       79      0.17346  0.15977  0.51   10527    1682    9697    51219   4.87
1855-1859       80      0.15957  0.14793  0.51    8845    1309    8200    41522   4.69
1855-1859       81      0.17479  0.16090  0.51    7537    1213    6938    33322   4.42
1855-1859       82      0.18941  0.17316  0.50    6324    1095    5782    26384   4.17
1855-1859       83      0.20549  0.18656  0.51    5229     976    4747    20602   3.94
1855-1859       84      0.22182  0.19985  0.50    4254     850    3832    15855   3.73
1855-1859       85      0.23492  0.21034  0.50    3403     716    3047    12023   3.53
1855-1859       86      0.24959  0.22203  0.50    2688     597    2391     8975   3.34
1855-1859       87      0.26796  0.23658  0.51    2091     495    1846     6585   3.15
1855-1859       88      0.28702  0.25115  0.50    1596     401    1397     4739   2.97
1855-1859       89      0.30402  0.26419  0.50    1195     316    1039     3342   2.80
1855-1859       90      0.32780  0.28189  0.50     880     248     756     2303   2.62
1855-1859       91      0.36204  0.30691  0.50     632     194     535     1547   2.45
1855-1859       92      0.39245  0.32812  0.50     438     144     366     1011   2.31
1855-1859       93      0.40916  0.33961  0.50     294     100     244      645   2.19
1855-1859       94      0.42443  0.35020  0.50     194      68     160      401   2.07
1855-1859       95      0.45402  0.36863  0.49     126      47     102      241   1.91
1855-1859       96      0.50124  0.39959  0.49      80      32      64      138   1.74
1855-1859       97      0.56184  0.43742  0.49      48      21      37       75   1.57
1855-1859       98      0.64279  0.48613  0.50      27      13      20       38   1.40
1855-1859       99      0.71559  0.52318  0.49      14       7      10       17   1.25
1855-1859      100      0.78703  0.56108  0.49       7       4       5        7   1.09
1855-1859      101      1.03654  0.68289  0.50       3       2       2        2   0.86
1855-1859      102      1.61301  0.77723  0.33       1       1       0        1   0.63
1855-1859      103      1.50000  1.00000  0.67       0       0       0        0   0.67
1855-1859      104            .        .     .       0       0       0        0      .
1855-1859      105            .        .     .       0       0       0        0      .
1855-1859      106            .        .     .       0       0       0        0      .
1855-1859      107            .        .     .       0       0       0        0      .
1855-1859      108            .        .     .       0       0       0        0      .
1855-1859      109            .        .     .       0       0       0        0      .
1855-1859      110+           .        .     .       0       0       0        0      .
1860-1869        0      0.14651  0.13287  0.30  100000   13287   90687  4306985  43.07
1860-1869        1      0.06872  0.06633  0.48   86713    5752   83697  4216298  48.62
1860-1869        2      0.03602  0.03537  0.50   80961    2864   79517  4132601  51.04
1860-1869        3      0.02445  0.02415  0.49   78097    1886   77141  4053084  51.90
1860-1869        4      0.01746  0.01731  0.50   76211    1319   75548  3975943  52.17
1860-1869        5      0.01375  0.01366  0.50   74892    1023   74380  3900395  52.08
1860-1869        6      0.01133  0.01127  0.50   73869     832   73451  3826015  51.79
1860-1869        7      0.00909  0.00905  0.50   73037     661   72705  3752563  51.38
1860-1869        8      0.00739  0.00736  0.50   72376     533   72109  3679859  50.84
1860-1869        9      0.00625  0.00623  0.50   71843     448   71619  3607749  50.22
1860-1869       10      0.00551  0.00550  0.50   71396     393   71200  3536131  49.53
1860-1869       11      0.00502  0.00500  0.50   71003     355   70826  3464930  48.80
1860-1869       12      0.00473  0.00472  0.50   70648     333   70481  3394105  48.04
1860-1869       13      0.00472  0.00471  0.50   70315     331   70149  3323623  47.27
1860-1869       14      0.00507  0.00506  0.50   69983     354   69807  3253474  46.49
1860-1869       15      0.00567  0.00566  0.50   69629     394   69434  3183667  45.72
1860-1869       16      0.00619  0.00617  0.50   69235     427   69023  3114234  44.98
1860-1869       17      0.00661  0.00659  0.50   68808     453   68583  3045211  44.26
1860-1869       18      0.00696  0.00694  0.50   68355     474   68119  2976628  43.55
1860-1869       19      0.00725  0.00722  0.50   67881     490   67638  2908508  42.85
1860-1869       20      0.00748  0.00745  0.50   67390     502   67138  2840870  42.16
1860-1869       21      0.00770  0.00767  0.50   66888     513   66631  2773732  41.47
1860-1869       22      0.00777  0.00774  0.50   66375     514   66117  2707102  40.78
1860-1869       23      0.00772  0.00769  0.50   65861     507   65607  2640985  40.10
1860-1869       24      0.00759  0.00756  0.50   65355     494   65106  2575379  39.41
1860-1869       25      0.00744  0.00741  0.50   64860     481   64618  2510273  38.70
1860-1869       26      0.00734  0.00731  0.50   64379     471   64142  2445654  37.99
1860-1869       27      0.00728  0.00726  0.50   63909     464   63675  2381512  37.26
1860-1869       28      0.00737  0.00734  0.50   63445     466   63211  2317837  36.53
1860-1869       29      0.00748  0.00745  0.50   62979     469   62743  2254626  35.80
1860-1869       30      0.00766  0.00763  0.50   62510     477   62271  2191883  35.06
1860-1869       31      0.00785  0.00782  0.50   62032     485   61789  2129612  34.33
1860-1869       32      0.00807  0.00803  0.50   61547     494   61299  2067823  33.60
1860-1869       33      0.00837  0.00834  0.50   61053     509   60797  2006524  32.87
1860-1869       34      0.00871  0.00867  0.50   60544     525   60280  1945727  32.14
1860-1869       35      0.00902  0.00898  0.50   60019     539   59750  1885446  31.41
1860-1869       36      0.00933  0.00929  0.50   59479     553   59204  1825697  30.69
1860-1869       37      0.00966  0.00961  0.50   58927     566   58644  1766493  29.98
1860-1869       38      0.00994  0.00989  0.50   58360     577   58072  1707848  29.26
1860-1869       39      0.01019  0.01014  0.50   57783     586   57490  1649776  28.55
1860-1869       40      0.01040  0.01035  0.50   57197     592   56902  1592285  27.84
1860-1869       41      0.01058  0.01053  0.50   56605     596   56308  1535384  27.12
1860-1869       42      0.01073  0.01067  0.50   56009     598   55711  1479075  26.41
1860-1869       43      0.01092  0.01086  0.50   55412     602   55112  1423364  25.69
1860-1869       44      0.01129  0.01122  0.50   54810     615   54504  1368253  24.96
1860-1869       45      0.01186  0.01179  0.50   54195     639   53878  1313749  24.24
1860-1869       46      0.01254  0.01246  0.50   53556     667   53225  1259871  23.52
1860-1869       47      0.01314  0.01306  0.50   52888     691   52545  1206646  22.81
1860-1869       48      0.01376  0.01367  0.50   52198     713   51844  1154101  22.11
1860-1869       49      0.01483  0.01472  0.50   51484     758   51107  1102257  21.41
1860-1869       50      0.01567  0.01555  0.50   50727     789   50334  1051150  20.72
1860-1869       51      0.01644  0.01631  0.50   49938     814   49532  1000816  20.04
1860-1869       52      0.01724  0.01709  0.50   49124     840   48706   951284  19.37
1860-1869       53      0.01809  0.01793  0.50   48284     866   47852   902578  18.69
1860-1869       54      0.01904  0.01886  0.50   47418     894   46973   854726  18.03
1860-1869       55      0.01998  0.01978  0.50   46524     920   46064   807753  17.36
1860-1869       56      0.02093  0.02071  0.50   45604     944   45132   761688  16.70
1860-1869       57      0.02219  0.02195  0.50   44659     980   44171   716556  16.05
1860-1869       58      0.02398  0.02370  0.50   43679    1035   43165   672385  15.39
1860-1869       59      0.02572  0.02539  0.50   42644    1083   42107   629220  14.76
1860-1869       60      0.02796  0.02758  0.50   41561    1146   40992   587113  14.13
1860-1869       61      0.03004  0.02960  0.50   40415    1196   39821   546121  13.51
1860-1869       62      0.03223  0.03173  0.50   39219    1244   38602   506299  12.91
1860-1869       63      0.03482  0.03423  0.50   37974    1300   37331   467698  12.32
1860-1869       64      0.03769  0.03700  0.50   36674    1357   36002   430367  11.73
1860-1869       65      0.04085  0.04004  0.51   35318    1414   34618   394365  11.17
1860-1869       66      0.04486  0.04389  0.51   33903    1488   33168   359747  10.61
1860-1869       67      0.04958  0.04839  0.51   32415    1569   31640   326579  10.07
1860-1869       68      0.05466  0.05322  0.51   30847    1642   30035   294938   9.56
1860-1869       69      0.05993  0.05820  0.50   29205    1700   28363   264904   9.07
1860-1869       70      0.06588  0.06381  0.51   27505    1755   26640   236540   8.60
1860-1869       71      0.07232  0.06982  0.51   25750    1798   24862   209900   8.15
1860-1869       72      0.07829  0.07537  0.51   23952    1805   23060   185038   7.73
1860-1869       73      0.08444  0.08106  0.51   22147    1795   21260   161978   7.31
1860-1869       74      0.09163  0.08766  0.51   20352    1784   19470   140719   6.91
1860-1869       75      0.09939  0.09474  0.51   18568    1759   17699   121249   6.53
1860-1869       76      0.10753  0.10210  0.51   16809    1716   15961   103550   6.16
1860-1869       77      0.11664  0.11029  0.51   15093    1665   14271    87590   5.80
1860-1869       78      0.12681  0.11934  0.51   13428    1603   12637    73319   5.46
1860-1869       79      0.13836  0.12951  0.51   11826    1532   11069    60682   5.13
1860-1869       80      0.15004  0.13968  0.51   10294    1438    9583    49613   4.82
1860-1869       81      0.16370  0.15147  0.51    8856    1341    8194    40029   4.52
1860-1869       82      0.17990  0.16522  0.51    7515    1242    6902    31835   4.24
1860-1869       83      0.19652  0.17911  0.51    6273    1124    5717    24933   3.97
1860-1869       84      0.21372  0.19331  0.51    5149     995    4658    19216   3.73
1860-1869       85      0.23161  0.20776  0.50    4154     863    3726    14558   3.50
1860-1869       86      0.25116  0.22333  0.50    3291     735    2926    10832   3.29
1860-1869       87      0.27179  0.23944  0.50    2556     612    2252     7906   3.09
1860-1869       88      0.29443  0.25687  0.50    1944     499    1696     5654   2.91
1860-1869       89      0.32027  0.27630  0.50    1445     399    1246     3958   2.74
1860-1869       90      0.34552  0.29459  0.50    1045     308     891     2712   2.59
1860-1869       91      0.36705  0.31021  0.50     737     229     623     1820   2.47
1860-1869       92      0.38673  0.32421  0.50     509     165     426     1197   2.35
1860-1869       93      0.40349  0.33603  0.50     344     116     286      771   2.24
1860-1869       94      0.42100  0.34810  0.50     228      79     189      484   2.12
1860-1869       95      0.46969  0.37992  0.50     149      57     120      296   1.99
1860-1869       96      0.52379  0.41459  0.50      92      38      73      175   1.90
1860-1869       97      0.48596  0.38994  0.49      54      21      43      102   1.89
1860-1869       98      0.51097  0.40638  0.50      33      13      26       59   1.78
1860-1869       99      0.56646  0.44049  0.50      20       9      15       33   1.66
1860-1869      100      0.58535  0.44945  0.48      11       5       8       17   1.58
1860-1869      101      0.69354  0.51593  0.50       6       3       4        9   1.48
1860-1869      102      0.50900  0.40135  0.47       3       1       2        4   1.53
1860-1869      103      0.28667  0.24969  0.48       2       0       2        2   1.23
1860-1869      104      2.06897  1.00000  0.48       1       1       1        1   0.48
1860-1869      105            .        .     .       0       0       0        0      .
1860-1869      106            .        .     .       0       0       0        0      .
1860-1869      107            .        .     .       0       0       0        0      .
1860-1869      108            .        .     .       0       0       0        0      .
1860-1869      109            .        .     .       0       0       0        0      .
1860-1869      110+           .        .     .       0       0       0        0      .
1870-1879        0      0.14854  0.13453  0.30  100000   13453   90571  4599707  46.00
1870-1879        1      0.06291  0.06089  0.47   86547    5270   83773  4509136  52.10
1870-1879        2      0.03001  0.02956  0.50   81277    2403   80064  4425363  54.45
1870-1879        3      0.02026  0.02006  0.50   78874    1582   78077  4345299  55.09
1870-1879        4      0.01403  0.01393  0.49   77292    1077   76744  4267223  55.21
1870-1879        5      0.01026  0.01020  0.49   76215     778   75822  4190478  54.98
1870-1879        6      0.00832  0.00828  0.50   75438     625   75123  4114656  54.54
1870-1879        7      0.00695  0.00693  0.50   74813     518   74553  4039533  54.00
1870-1879        8      0.00582  0.00580  0.50   74295     431   74078  3964980  53.37
1870-1879        9      0.00484  0.00483  0.49   73864     357   73684  3890903  52.68
1870-1879       10      0.00415  0.00414  0.50   73507     304   73355  3817219  51.93
1870-1879       11      0.00380  0.00379  0.50   73203     277   73064  3743865  51.14
1870-1879       12      0.00371  0.00371  0.50   72925     270   72790  3670800  50.34
1870-1879       13      0.00385  0.00384  0.50   72655     279   72516  3598010  49.52
1870-1879       14      0.00417  0.00416  0.50   72376     301   72225  3525494  48.71
1870-1879       15      0.00468  0.00467  0.50   72075     336   71908  3453269  47.91
1870-1879       16      0.00518  0.00517  0.50   71738     371   71555  3381361  47.13
1870-1879       17      0.00561  0.00559  0.50   71368     399   71170  3309806  46.38
1870-1879       18      0.00595  0.00594  0.51   70969     421   70760  3238636  45.63
1870-1879       19      0.00621  0.00619  0.50   70548     437   70331  3167875  44.90
1870-1879       20      0.00640  0.00638  0.50   70111     447   69886  3097544  44.18
1870-1879       21      0.00651  0.00649  0.50   69663     452   69436  3027658  43.46
1870-1879       22      0.00657  0.00655  0.50   69212     453   68984  2958222  42.74
1870-1879       23      0.00663  0.00661  0.50   68758     455   68530  2889238  42.02
1870-1879       24      0.00662  0.00660  0.50   68304     451   68077  2820708  41.30
1870-1879       25      0.00655  0.00652  0.50   67853     443   67629  2752631  40.57
1870-1879       26      0.00653  0.00651  0.50   67410     439   67189  2685002  39.83
1870-1879       27      0.00659  0.00657  0.50   66971     440   66750  2617812  39.09
1870-1879       28      0.00661  0.00659  0.50   66531     438   66310  2551063  38.34
1870-1879       29      0.00659  0.00657  0.49   66093     434   65873  2484753  37.59
1870-1879       30      0.00657  0.00654  0.50   65658     430   65442  2418879  36.84
1870-1879       31      0.00658  0.00656  0.50   65229     428   65013  2353438  36.08
1870-1879       32      0.00664  0.00661  0.50   64801     429   64585  2288424  35.31
1870-1879       33      0.00675  0.00672  0.50   64372     433   64154  2223839  34.55
1870-1879       34      0.00698  0.00695  0.50   63940     445   63716  2159685  33.78
1870-1879       35      0.00729  0.00727  0.50   63495     461   63265  2095969  33.01
1870-1879       36      0.00754  0.00751  0.50   63034     473   62797  2032704  32.25
1870-1879       37      0.00770  0.00767  0.50   62560     480   62320  1969907  31.49
1870-1879       38      0.00791  0.00788  0.50   62080     489   61836  1907587  30.73
1870-1879       39      0.00833  0.00830  0.50   61591     511   61335  1845751  29.97
1870-1879       40      0.00853  0.00849  0.50   61080     519   60821  1784416  29.21
1870-1879       41      0.00871  0.00867  0.50   60562     525   60299  1723595  28.46
1870-1879       42      0.00893  0.00889  0.50   60036     534   59769  1663296  27.70
1870-1879       43      0.00919  0.00915  0.50   59503     545   59230  1603527  26.95
1870-1879       44      0.00955  0.00950  0.50   58958     560   58678  1544297  26.19
1870-1879       45      0.00990  0.00985  0.50   58398     575   58110  1485619  25.44
1870-1879       46      0.01025  0.01020  0.50   57823     590   57528  1427510  24.69
1870-1879       47      0.01077  0.01071  0.50   57233     613   56927  1369981  23.94
1870-1879       48      0.01129  0.01122  0.50   56620     636   56302  1313054  23.19
1870-1879       49      0.01159  0.01152  0.50   55985     645   55664  1256752  22.45
1870-1879       50      0.01221  0.01214  0.50   55339     672   55005  1201088  21.70
1870-1879       51      0.01291  0.01283  0.50   54668     701   54319  1146084  20.96
1870-1879       52      0.01373  0.01364  0.50   53967     736   53600  1091765  20.23
1870-1879       53      0.01472  0.01462  0.50   53231     778   52844  1038165  19.50
1870-1879       54      0.01582  0.01570  0.50   52453     823   52043   985321  18.78
1870-1879       55      0.01710  0.01695  0.50   51629     875   51194   933278  18.08
1870-1879       56      0.01861  0.01844  0.50   50754     936   50289   882084  17.38
1870-1879       57      0.02026  0.02006  0.50   49818     999   49321   831795  16.70
1870-1879       58      0.02187  0.02163  0.50   48818    1056   48293   782473  16.03
1870-1879       59      0.02343  0.02316  0.50   47762    1106   47212   734180  15.37
1870-1879       60      0.02532  0.02501  0.50   46656    1167   46078   686968  14.72
1870-1879       61      0.02776  0.02738  0.50   45490    1246   44872   640890  14.09
1870-1879       62      0.03028  0.02983  0.50   44244    1320   43588   596018  13.47
1870-1879       63      0.03291  0.03238  0.50   42924    1390   42234   552429  12.87
1870-1879       64      0.03590  0.03527  0.50   41534    1465   40806   510196  12.28
1870-1879       65      0.03924  0.03849  0.50   40069    1542   39304   469390  11.71
1870-1879       66      0.04264  0.04176  0.50   38527    1609   37728   430086  11.16
1870-1879       67      0.04605  0.04502  0.50   36918    1662   36092   392358  10.63
1870-1879       68      0.04951  0.04832  0.50   35256    1704   34409   356266  10.11
1870-1879       69      0.05331  0.05193  0.50   33553    1742   32687   321857   9.59
1870-1879       70      0.05720  0.05562  0.50   31810    1769   30931   289170   9.09
1870-1879       71      0.06173  0.05989  0.50   30041    1799   29148   258239   8.60
1870-1879       72      0.06750  0.06532  0.50   28242    1845   27326   229091   8.11
1870-1879       73      0.07429  0.07165  0.50   26397    1891   25458   201764   7.64
1870-1879       74      0.08205  0.07883  0.50   24506    1932   23547   176307   7.19
1870-1879       75      0.09156  0.08758  0.50   22574    1977   21594   152760   6.77
1870-1879       76      0.10201  0.09709  0.50   20597    2000   19605   131166   6.37
1870-1879       77      0.11191  0.10602  0.50   18597    1972   17617   111561   6.00
1870-1879       78      0.12186  0.11491  0.50   16626    1910   15677    93944   5.65
1870-1879       79      0.13351  0.12521  0.50   14715    1842   13800    78267   5.32
1870-1879       80      0.14432  0.13465  0.50   12873    1733   12010    64466   5.01
1870-1879       81      0.15706  0.14568  0.50   11139    1623   10332    52456   4.71
1870-1879       82      0.17183  0.15831  0.50    9517    1507    8768    42124   4.43
1870-1879       83      0.18894  0.17274  0.50    8010    1384    7323    33356   4.16
1870-1879       84      0.20821  0.18867  0.50    6626    1250    6005    26033   3.93
1870-1879       85      0.21858  0.19707  0.50    5376    1059    4847    20028   3.73
1870-1879       86      0.23654  0.21162  0.50    4317     913    3862    15181   3.52
1870-1879       87      0.25663  0.22749  0.50    3403     774    3017    11320   3.33
1870-1879       88      0.26708  0.23571  0.50    2629     620    2320     8303   3.16
1870-1879       89      0.28980  0.25321  0.50    2009     509    1756     5982   2.98
1870-1879       90      0.31403  0.27136  0.50    1501     407    1297     4227   2.82
1870-1879       91      0.33017  0.28315  0.50    1093     310     938     2930   2.68
1870-1879       92      0.34956  0.29762  0.50     784     233     667     1992   2.54
1870-1879       93      0.35274  0.29978  0.50     550     165     468     1325   2.41
1870-1879       94      0.44255  0.36217  0.50     385     140     315      857   2.22
1870-1879       95      0.41061  0.34025  0.50     246      84     204      542   2.20
1870-1879       96      0.42143  0.34715  0.49     162      56     134      338   2.08
1870-1879       97      0.46838  0.37933  0.50     106      40      86      204   1.93
1870-1879       98      0.52042  0.41206  0.49      66      27      52      119   1.81
1870-1879       99      0.54234  0.42613  0.50      39      16      30       67   1.72
1870-1879      100      0.61475  0.46750  0.49      22      10      17       36   1.64
1870-1879      101      0.61919  0.46619  0.47      12       6       9       19   1.64
1870-1879      102      0.47392  0.38167  0.49       6       2       5       11   1.67
1870-1879      103      0.51878  0.40723  0.47       4       2       3        5   1.39
1870-1879      104      0.95066  0.63694  0.48       2       1       2        2   1.03
1870-1879      105      0.67644  0.50125  0.48       1       0       1        1   0.98
1870-1879      106      2.07612  1.00000  0.48       0       0       0        0   0.48
1870-1879      107            .        .     .       0       0       0        0      .
1870-1879      108            .        .     .       0       0       0        0      .
1870-1879      109            .        .     .       0       0       0        0      .
1870-1879      110+           .        .     .       0       0       0        0      .
1880-1889        0      0.14319  0.13013  0.30  100000   13013   90879  4843273  48.43
1880-1889        1      0.05607  0.05447  0.48   86987    4738   84503  4752394  54.63
1880-1889        2      0.02459  0.02429  0.50   82248    1998   81242  4667891  56.75
1880-1889        3      0.01547  0.01535  0.49   80251    1232   79628  4586649  57.15
1880-1889        4      0.01072  0.01066  0.49   79019     842   78593  4507021  57.04
1880-1889        5      0.00800  0.00797  0.50   78177     623   77863  4428428  56.65
1880-1889        6      0.00647  0.00645  0.50   77553     500   77302  4350565  56.10
1880-1889        7      0.00517  0.00516  0.50   77053     397   76853  4273263  55.46
1880-1889        8      0.00416  0.00415  0.50   76656     318   76496  4196410  54.74
1880-1889        9      0.00348  0.00347  0.50   76338     265   76205  4119915  53.97
1880-1889       10      0.00310  0.00309  0.50   76073     235   75956  4043710  53.16
1880-1889       11      0.00289  0.00289  0.50   75838     219   75728  3967754  52.32
1880-1889       12      0.00289  0.00288  0.50   75619     218   75510  3892026  51.47
1880-1889       13      0.00307  0.00306  0.50   75401     231   75286  3816516  50.62
1880-1889       14      0.00343  0.00343  0.50   75170     258   75042  3741230  49.77
1880-1889       15      0.00389  0.00389  0.50   74912     291   74768  3666189  48.94
1880-1889       16      0.00430  0.00429  0.50   74621     320   74462  3591421  48.13
1880-1889       17      0.00468  0.00467  0.50   74301     347   74128  3516959  47.33
1880-1889       18      0.00496  0.00495  0.50   73953     366   73772  3442830  46.55
1880-1889       19      0.00513  0.00511  0.50   73588     376   73401  3369058  45.78
1880-1889       20      0.00518  0.00516  0.49   73211     378   73020  3295658  45.02
1880-1889       21      0.00518  0.00517  0.50   72833     376   72644  3222637  44.25
1880-1889       22      0.00520  0.00519  0.50   72457     376   72268  3149993  43.47
1880-1889       23      0.00519  0.00518  0.50   72082     373   71893  3077725  42.70
1880-1889       24      0.00518  0.00517  0.50   71708     371   71521  3005832  41.92
1880-1889       25      0.00521  0.00520  0.50   71337     371   71150  2934311  41.13
1880-1889       26      0.00526  0.00524  0.49   70966     372   70778  2863161  40.35
1880-1889       27      0.00527  0.00525  0.49   70594     371   70407  2792383  39.56
1880-1889       28      0.00551  0.00549  0.50   70223     386   70031  2721976  38.76
1880-1889       29      0.00613  0.00611  0.50   69838     427   69623  2651945  37.97
1880-1889       30      0.00630  0.00628  0.49   69411     436   69190  2582323  37.20
1880-1889       31      0.00634  0.00632  0.49   68975     436   68755  2513132  36.44
1880-1889       32      0.00643  0.00641  0.49   68539     439   68317  2444377  35.66
1880-1889       33      0.00649  0.00647  0.49   68100     441   67877  2376060  34.89
1880-1889       34      0.00653  0.00651  0.49   67659     440   67436  2308184  34.11
1880-1889       35      0.00655  0.00652  0.50   67219     439   66997  2240748  33.34
1880-1889       36      0.00663  0.00660  0.50   66780     441   66559  2173750  32.55
1880-1889       37      0.00681  0.00679  0.50   66339     450   66113  2107191  31.76
1880-1889       38      0.00695  0.00693  0.50   65889     456   65659  2041079  30.98
1880-1889       39      0.00692  0.00690  0.50   65432     452   65207  1975420  30.19
1880-1889       40      0.00716  0.00713  0.50   64981     463   64750  1910213  29.40
1880-1889       41      0.00741  0.00738  0.50   64517     476   64280  1845464  28.60
1880-1889       42      0.00767  0.00764  0.50   64041     489   63798  1781183  27.81
1880-1889       43      0.00803  0.00800  0.50   63552     508   63299  1717386  27.02
1880-1889       44      0.00846  0.00843  0.50   63044     531   62779  1654087  26.24
1880-1889       45      0.00895  0.00891  0.50   62513     557   62236  1591307  25.46
1880-1889       46      0.00950  0.00946  0.50   61956     586   61664  1529072  24.68
1880-1889       47      0.01014  0.01009  0.50   61370     619   61062  1467407  23.91
1880-1889       48      0.01084  0.01078  0.50   60751     655   60425  1406345  23.15
1880-1889       49      0.01150  0.01143  0.50   60095     687   59754  1345920  22.40
1880-1889       50      0.01222  0.01214  0.50   59409     721   59051  1286166  21.65
1880-1889       51      0.01329  0.01320  0.50   58687     775   58304  1227115  20.91
1880-1889       52      0.01443  0.01433  0.50   57913     830   57501  1168811  20.18
1880-1889       53      0.01554  0.01542  0.50   57083     880   56646  1111310  19.47
1880-1889       54      0.01671  0.01658  0.50   56202     932   55740  1054664  18.77
1880-1889       55      0.01802  0.01786  0.50   55271     987   54780   998924  18.07
1880-1889       56      0.01936  0.01917  0.50   54284    1041   53766   944144  17.39
1880-1889       57      0.02083  0.02062  0.50   53243    1098   52697   890378  16.72
1880-1889       58      0.02239  0.02215  0.50   52145    1155   51571   837681  16.06
1880-1889       59      0.02394  0.02365  0.50   50990    1206   50390   786110  15.42
1880-1889       60      0.02533  0.02501  0.50   49784    1245   49164   735720  14.78
1880-1889       61      0.02700  0.02665  0.50   48539    1293   47895   686556  14.14
1880-1889       62      0.02932  0.02890  0.50   47246    1365   46567   638660  13.52
1880-1889       63      0.03201  0.03151  0.50   45880    1445   45161   592093  12.91
1880-1889       64      0.03506  0.03446  0.50   44435    1531   43673   546932  12.31
1880-1889       65      0.03847  0.03775  0.50   42904    1619   42098   503259  11.73
1880-1889       66      0.04207  0.04120  0.50   41284    1701   40438   461161  11.17
1880-1889       67      0.04591  0.04488  0.50   39583    1777   38699   420723  10.63
1880-1889       68      0.05047  0.04923  0.50   37807    1861   36881   382024  10.10
1880-1889       69      0.05558  0.05408  0.50   35945    1944   34977   345142   9.60
1880-1889       70      0.06056  0.05878  0.50   34001    1999   33006   310165   9.12
1880-1889       71      0.06560  0.06352  0.50   32002    2033   30989   277159   8.66
1880-1889       72      0.07147  0.06902  0.50   29970    2068   28940   246170   8.21
1880-1889       73      0.07834  0.07540  0.50   27901    2104   26854   217230   7.79
1880-1889       74      0.08548  0.08198  0.50   25797    2115   24742   190376   7.38
1880-1889       75      0.09283  0.08872  0.50   23682    2101   22635   165634   6.99
1880-1889       76      0.10022  0.09545  0.50   21581    2060   20555   142998   6.63
1880-1889       77      0.10781  0.10231  0.50   19521    1997   18525   122443   6.27
1880-1889       78      0.11863  0.11201  0.50   17524    1963   16546   103918   5.93
1880-1889       79      0.12895  0.12116  0.50   15561    1885   14621    87371   5.61
1880-1889       80      0.13662  0.12789  0.50   13676    1749   12803    72751   5.32
1880-1889       81      0.14679  0.13675  0.50   11927    1631   11111    59948   5.03
1880-1889       82      0.15639  0.14507  0.50   10296    1494    9551    48837   4.74
1880-1889       83      0.16749  0.15455  0.50    8802    1360    8122    39286   4.46
1880-1889       84      0.18750  0.17145  0.50    7442    1276    6805    31164   4.19
1880-1889       85      0.20492  0.18583  0.50    6166    1146    5591    24360   3.95
1880-1889       86      0.21565  0.19456  0.50    5020     977    4529    18768   3.74
1880-1889       87      0.23228  0.20804  0.50    4043     841    3621    14239   3.52
1880-1889       88      0.25298  0.22452  0.50    3202     719    2842    10618   3.32
1880-1889       89      0.27530  0.24191  0.50    2483     601    2182     7776   3.13
1880-1889       90      0.28710  0.25084  0.50    1883     472    1645     5594   2.97
1880-1889       91      0.31108  0.26900  0.50    1410     379    1220     3949   2.80
1880-1889       92      0.34147  0.29116  0.49    1031     300     879     2729   2.65
1880-1889       93      0.34462  0.29361  0.50     731     215     623     1850   2.53
1880-1889       94      0.36358  0.30724  0.50     516     159     436     1228   2.38
1880-1889       95      0.42840  0.35204  0.49     358     126     294      791   2.21
1880-1889       96      0.44106  0.36065  0.49     232      84     189      498   2.15
1880-1889       97      0.42831  0.35192  0.49     148      52     122      308   2.08
1880-1889       98      0.48126  0.38740  0.50      96      37      77      186   1.94
1880-1889       99      0.47690  0.38364  0.49      59      23      47      109   1.85
1880-1889      100      0.56861  0.43965  0.48      36      16      28       62   1.70
1880-1889      101      0.60451  0.46075  0.48      20       9      15       34   1.66
1880-1889      102      0.48706  0.38960  0.49      11       4       9       18   1.67
1880-1889      103      0.61119  0.46554  0.49       7       3       5        9   1.42
1880-1889      104      0.70838  0.51780  0.48       4       2       3        4   1.23
1880-1889      105      1.54067  0.86559  0.49       2       1       1        2   1.03
1880-1889      106      0.00000  0.00000  0.50       0       0       0        1   3.48
1880-1889      107      0.00000  0.00000  0.50       0       0       0        1   2.48
1880-1889      108      0.00000  0.00000  0.50       0       0       0        0   1.48
1880-1889      109      2.08333  1.00000  0.48       0       0       0        0   0.48
1880-1889      110+           .        .     .       0       0       0        0      .
1890-1899        0      0.15669  0.14119  0.30  100000   14119   90104  4918719  49.19
1890-1899        1      0.05370  0.05222  0.47   85881    4485   83526  4828615  56.22
1890-1899        2      0.02164  0.02140  0.49   81396    1742   80516  4745089  58.30
1890-1899        3      0.01215  0.01207  0.49   79654     962   79167  4664572  58.56
1890-1899        4      0.00843  0.00840  0.50   78693     661   78359  4585405  58.27
1890-1899        5      0.00620  0.00618  0.50   78032     482   77789  4507046  57.76
1890-1899        6      0.00493  0.00492  0.50   77550     381   77358  4429257  57.12
1890-1899        7      0.00399  0.00398  0.50   77168     307   77014  4351900  56.40
1890-1899        8      0.00329  0.00328  0.50   76861     252   76735  4274886  55.62
1890-1899        9      0.00284  0.00283  0.50   76609     217   76500  4198151  54.80
1890-1899       10      0.00259  0.00259  0.50   76392     198   76293  4121651  53.95
1890-1899       11      0.00248  0.00248  0.50   76194     189   76100  4045358  53.09
1890-1899       12      0.00249  0.00249  0.50   76005     189   75911  3969258  52.22
1890-1899       13      0.00263  0.00262  0.50   75816     199   75717  3893347  51.35
1890-1899       14      0.00287  0.00287  0.50   75617     217   75509  3817631  50.49
1890-1899       15      0.00325  0.00324  0.51   75400     244   75279  3742122  49.63
1890-1899       16      0.00360  0.00359  0.50   75156     270   75022  3666843  48.79
1890-1899       17      0.00391  0.00391  0.50   74886     292   74741  3591821  47.96
1890-1899       18      0.00435  0.00434  0.51   74593     324   74434  3517080  47.15
1890-1899       19      0.00479  0.00478  0.50   74269     355   74093  3442647  46.35
1890-1899       20      0.00479  0.00478  0.50   73915     353   73737  3368554  45.57
1890-1899       21      0.00476  0.00475  0.49   73562     349   73385  3294817  44.79
1890-1899       22      0.00476  0.00475  0.49   73213     347   73037  3221432  44.00
1890-1899       23      0.00482  0.00481  0.49   72865     350   72688  3148395  43.21
1890-1899       24      0.00493  0.00492  0.49   72515     356   72334  3075708  42.41
1890-1899       25      0.00502  0.00501  0.49   72158     361   71974  3003373  41.62
1890-1899       26      0.00512  0.00511  0.49   71797     367   71611  2931399  40.83
1890-1899       27      0.00525  0.00523  0.49   71430     374   71240  2859788  40.04
1890-1899       28      0.00515  0.00513  0.48   71057     365   70868  2788548  39.24
1890-1899       29      0.00464  0.00463  0.49   70692     327   70525  2717679  38.44
1890-1899       30      0.00454  0.00453  0.50   70365     319   70204  2647154  37.62
1890-1899       31      0.00455  0.00454  0.50   70046     318   69886  2576951  36.79
1890-1899       32      0.00459  0.00458  0.50   69728     320   69567  2507065  35.95
1890-1899       33      0.00475  0.00473  0.50   69408     329   69243  2437498  35.12
1890-1899       34      0.00497  0.00496  0.50   69080     343   68907  2368255  34.28
1890-1899       35      0.00521  0.00520  0.50   68737     358   68559  2299348  33.45
1890-1899       36      0.00546  0.00545  0.50   68380     373   68193  2230789  32.62
1890-1899       37      0.00573  0.00571  0.50   68007     388   67813  2162596  31.80
1890-1899       38      0.00595  0.00593  0.50   67619     401   67418  2094783  30.98
1890-1899       39      0.00610  0.00608  0.50   67218     409   67012  2027365  30.16
1890-1899       40      0.00628  0.00626  0.50   66809     418   66601  1960352  29.34
1890-1899       41      0.00670  0.00668  0.50   66390     443   66170  1893751  28.52
1890-1899       42      0.00716  0.00713  0.50   65947     470   65713  1827581  27.71
1890-1899       43      0.00767  0.00764  0.50   65477     500   65228  1761868  26.91
1890-1899       44      0.00823  0.00819  0.50   64977     532   64712  1696640  26.11
1890-1899       45      0.00876  0.00872  0.50   64444     562   64165  1631928  25.32
1890-1899       46      0.00931  0.00927  0.50   63882     592   63588  1567764  24.54
1890-1899       47      0.00988  0.00984  0.50   63290     623   62980  1504176  23.77
1890-1899       48      0.01049  0.01043  0.50   62668     654   62342  1441196  23.00
1890-1899       49      0.01116  0.01110  0.50   62014     688   61671  1378853  22.23
1890-1899       50      0.01182  0.01175  0.50   61325     720   60966  1317182  21.48
1890-1899       51      0.01254  0.01246  0.50   60605     755   60229  1256216  20.73
1890-1899       52      0.01349  0.01340  0.50   59850     802   59450  1195988  19.98
1890-1899       53      0.01459  0.01449  0.50   59048     856   58621  1136537  19.25
1890-1899       54      0.01593  0.01581  0.50   58193     920   57735  1077916  18.52
1890-1899       55      0.01740  0.01725  0.50   57273     988   56780  1020181  17.81
1890-1899       56      0.01893  0.01875  0.50   56285    1055   55758   963401  17.12
1890-1899       57      0.02065  0.02044  0.50   55229    1129   54667   907642  16.43
1890-1899       58      0.02260  0.02235  0.50   54100    1209   53498   852975  15.77
1890-1899       59      0.02473  0.02443  0.50   52891    1292   52247   799478  15.12
1890-1899       60      0.02692  0.02656  0.50   51599    1371   50916   747230  14.48
1890-1899       61      0.02935  0.02892  0.50   50229    1453   49505   696314  13.86
1890-1899       62      0.03213  0.03163  0.50   48776    1543   48007   646809  13.26
1890-1899       63      0.03530  0.03469  0.50   47233    1639   46418   598802  12.68
1890-1899       64      0.03898  0.03824  0.50   45594    1744   44728   552383  12.12
1890-1899       65      0.04220  0.04134  0.50   43851    1813   42951   507656  11.58
1890-1899       66      0.04584  0.04482  0.50   42038    1884   41100   464705  11.05
1890-1899       67      0.04977  0.04856  0.50   40154    1950   39184   423605  10.55
1890-1899       68      0.05383  0.05242  0.50   38204    2003   37207   384421  10.06
1890-1899       69      0.05753  0.05592  0.50   36201    2025   35193   347214   9.59
1890-1899       70      0.06236  0.06048  0.50   34177    2067   33150   312021   9.13
1890-1899       71      0.06718  0.06500  0.50   32110    2087   31071   278871   8.68
1890-1899       72      0.07444  0.07178  0.50   30022    2155   28949   247800   8.25
1890-1899       73      0.08003  0.07696  0.50   27868    2145   26799   218851   7.85
1890-1899       74      0.08559  0.08210  0.50   25723    2112   24673   192052   7.47
1890-1899       75      0.09273  0.08865  0.50   23611    2093   22571   167379   7.09
1890-1899       76      0.09972  0.09501  0.50   21518    2044   20501   144809   6.73
1890-1899       77      0.10792  0.10243  0.50   19474    1995   18482   124307   6.38
1890-1899       78      0.11423  0.10808  0.50   17479    1889   16538   105825   6.05
1890-1899       79      0.12454  0.11727  0.50   15590    1828   14680    89286   5.73
1890-1899       80      0.13570  0.12711  0.50   13762    1749   12890    74607   5.42
1890-1899       81      0.14538  0.13557  0.50   12012    1628   11201    61716   5.14
1890-1899       82      0.15618  0.14489  0.50   10384    1505    9633    50515   4.86
1890-1899       83      0.17131  0.15784  0.50    8879    1402    8181    40881   4.60
1890-1899       84      0.18285  0.16755  0.50    7478    1253    6852    32700   4.37
1890-1899       85      0.19527  0.17789  0.50    6225    1107    5671    25848   4.15
1890-1899       86      0.20672  0.18738  0.50    5118     959    4639    20177   3.94
1890-1899       87      0.21729  0.19598  0.50    4159     815    3751    15538   3.74
1890-1899       88      0.23898  0.21340  0.50    3344     714    2986    11787   3.53
1890-1899       89      0.24927  0.22161  0.50    2630     583    2338     8802   3.35
1890-1899       90      0.26986  0.23748  0.49    2047     486    1802     6463   3.16
1890-1899       91      0.28626  0.25009  0.49    1561     390    1364     4662   2.99
1890-1899       92      0.30222  0.26229  0.50    1171     307    1016     3298   2.82
1890-1899       93      0.33540  0.28710  0.50     864     248     739     2282   2.64
1890-1899       94      0.34108  0.29104  0.50     616     179     525     1543   2.51
1890-1899       95      0.37835  0.31728  0.49     436     138     366     1017   2.33
1890-1899       96      0.41864  0.34554  0.49     298     103     246      651   2.19
1890-1899       97      0.41952  0.34582  0.49     195      67     161      405   2.08
1890-1899       98      0.49929  0.39792  0.49     128      51     102      245   1.92
1890-1899       99      0.47970  0.38662  0.50      77      30      62      143   1.86
1890-1899      100      0.66373  0.49457  0.48      47      23      35       81   1.72
1890-1899      101      0.49764  0.39688  0.49      24       9      19       46   1.93
1890-1899      102      0.50373  0.39914  0.48      14       6      11       27   1.87
1890-1899      103      0.36927  0.31243  0.51       9       3       7       15   1.80
1890-1899      104      0.78322  0.55818  0.49       6       3       4        8   1.38
1890-1899      105      0.89897  0.61242  0.48       3       2       2        4   1.51
1890-1899      106      0.58824  0.45045  0.48       1       0       1        2   2.15
1890-1899      107      0.00000  0.00000  0.50       1       0       1        1   2.51
1890-1899      108      0.00000  0.00000  0.50       1       0       1        1   1.51
1890-1899      109      1.94681  1.00000  0.51       1       1       0        0   0.51
1890-1899      110+           .        .     .       0       0       0        0      .
1900-1909        0      0.14296  0.12994  0.30  100000   12994   90893  5215733  52.16
1900-1909        1      0.04484  0.04380  0.47   87006    3811   84999  5124840  58.90
1900-1909        2      0.01779  0.01763  0.50   83195    1467   82455  5039841  60.58
1900-1909        3      0.01013  0.01007  0.50   81729     823   81314  4957386  60.66
1900-1909        4      0.00702  0.00700  0.49   80905     566   80619  4876073  60.27
1900-1909        5      0.00531  0.00530  0.50   80339     426   80126  4795454  59.69
1900-1909        6      0.00444  0.00443  0.50   79913     354   79735  4715327  59.01
1900-1909        7      0.00367  0.00367  0.50   79560     292   79413  4635592  58.27
1900-1909        8      0.00309  0.00309  0.50   79268     245   79145  4556179  57.48
1900-1909        9      0.00273  0.00272  0.49   79023     215   78914  4477034  56.65
1900-1909       10      0.00241  0.00241  0.50   78808     190   78712  4398120  55.81
1900-1909       11      0.00227  0.00226  0.50   78618     178   78529  4319408  54.94
1900-1909       12      0.00226  0.00225  0.50   78440     177   78351  4240879  54.07
1900-1909       13      0.00237  0.00237  0.50   78263     185   78170  4162528  53.19
1900-1909       14      0.00264  0.00264  0.50   78078     206   77974  4084358  52.31
1900-1909       15      0.00299  0.00298  0.50   77872     232   77755  4006384  51.45
1900-1909       16      0.00326  0.00325  0.50   77640     252   77513  3928628  50.60
1900-1909       17      0.00345  0.00344  0.50   77387     267   77254  3851115  49.76
1900-1909       18      0.00348  0.00348  0.50   77121     268   76986  3773861  48.93
1900-1909       19      0.00329  0.00329  0.50   76853     253   76727  3696876  48.10
1900-1909       20      0.00328  0.00327  0.50   76600     251   76473  3620149  47.26
1900-1909       21      0.00336  0.00335  0.50   76349     256   76221  3543676  46.41
1900-1909       22      0.00346  0.00345  0.50   76093     263   75961  3467455  45.57
1900-1909       23      0.00352  0.00351  0.50   75831     266   75697  3391494  44.72
1900-1909       24      0.00356  0.00355  0.50   75564     268   75430  3315797  43.88
1900-1909       25      0.00356  0.00356  0.50   75296     268   75161  3240368  43.03
1900-1909       26      0.00355  0.00355  0.50   75028     266   74894  3165207  42.19
1900-1909       27      0.00355  0.00355  0.50   74762     265   74629  3090313  41.34
1900-1909       28      0.00356  0.00356  0.49   74497     265   74363  3015684  40.48
1900-1909       29      0.00355  0.00354  0.49   74232     263   74099  2941320  39.62
1900-1909       30      0.00362  0.00361  0.50   73970     267   73836  2867221  38.76
1900-1909       31      0.00386  0.00385  0.50   73702     284   73560  2793385  37.90
1900-1909       32      0.00416  0.00415  0.50   73418     305   73265  2719825  37.05
1900-1909       33      0.00448  0.00447  0.50   73114     327   72949  2646560  36.20
1900-1909       34      0.00481  0.00480  0.50   72787     350   72611  2573610  35.36
1900-1909       35      0.00513  0.00512  0.50   72437     371   72252  2500999  34.53
1900-1909       36      0.00532  0.00530  0.50   72067     382   71875  2428748  33.70
1900-1909       37      0.00537  0.00536  0.50   71684     384   71492  2356873  32.88
1900-1909       38      0.00541  0.00539  0.50   71300     384   71108  2285381  32.05
1900-1909       39      0.00546  0.00545  0.50   70916     386   70722  2214274  31.22
1900-1909       40      0.00547  0.00546  0.50   70529     385   70336  2143552  30.39
1900-1909       41      0.00543  0.00542  0.50   70145     380   69953  2073216  29.56
1900-1909       42      0.00549  0.00548  0.50   69765     382   69573  2003262  28.71
1900-1909       43      0.00565  0.00564  0.50   69382     391   69186  1933689  27.87
1900-1909       44      0.00591  0.00589  0.50   68991     406   68787  1864503  27.03
1900-1909       45      0.00627  0.00625  0.50   68585     429   68371  1795716  26.18
1900-1909       46      0.00674  0.00672  0.50   68156     458   67927  1727346  25.34
1900-1909       47      0.00729  0.00727  0.50   67698     492   67452  1659419  24.51
1900-1909       48      0.00797  0.00794  0.50   67206     533   66940  1591967  23.69
1900-1909       49      0.00879  0.00875  0.50   66673     583   66381  1525027  22.87
1900-1909       50      0.00974  0.00969  0.50   66090     640   65770  1458646  22.07
1900-1909       51      0.01076  0.01070  0.50   65449     701   65099  1392876  21.28
1900-1909       52      0.01189  0.01182  0.50   64749     765   64367  1327777  20.51
1900-1909       53      0.01322  0.01314  0.50   63983     841   63564  1263410  19.75
1900-1909       54      0.01468  0.01457  0.50   63143     920   62683  1199846  19.00
1900-1909       55      0.01634  0.01621  0.50   62223    1009   61720  1137163  18.28
1900-1909       56      0.01803  0.01787  0.50   61214    1094   60667  1075443  17.57
1900-1909       57      0.01991  0.01971  0.50   60120    1185   59527  1014775  16.88
1900-1909       58      0.02161  0.02137  0.50   58935    1260   58306   955248  16.21
1900-1909       59      0.02373  0.02345  0.50   57675    1353   57000   896942  15.55
1900-1909       60      0.02611  0.02577  0.50   56323    1452   55598   839943  14.91
1900-1909       61      0.02819  0.02780  0.50   54871    1526   54108   784345  14.29
1900-1909       62      0.03151  0.03102  0.50   53346    1655   52518   730237  13.69
1900-1909       63      0.03434  0.03376  0.50   51691    1745   50818   677719  13.11
1900-1909       64      0.03731  0.03663  0.50   49946    1829   49030   626901  12.55
1900-1909       65      0.04010  0.03931  0.50   48117    1891   47172   577871  12.01
1900-1909       66      0.04366  0.04272  0.50   46225    1975   45239   530699  11.48
1900-1909       67      0.04727  0.04618  0.50   44250    2043   43229   485460  10.97
1900-1909       68      0.05103  0.04976  0.50   42207    2100   41157   442231  10.48
1900-1909       69      0.05485  0.05338  0.50   40106    2141   39037   401074  10.00
1900-1909       70      0.06066  0.05888  0.50   37965    2235   36847   362037   9.54
1900-1909       71      0.06488  0.06285  0.50   35730    2246   34609   325190   9.10
1900-1909       72      0.06978  0.06743  0.50   33484    2258   32358   290580   8.68
1900-1909       73      0.07524  0.07251  0.50   31227    2264   30094   258223   8.27
1900-1909       74      0.08078  0.07765  0.50   28962    2249   27838   228129   7.88
1900-1909       75      0.08799  0.08429  0.50   26713    2252   25591   200291   7.50
1900-1909       76      0.09361  0.08943  0.50   24462    2188   23369   174700   7.14
1900-1909       77      0.10053  0.09572  0.50   22274    2132   21210   151331   6.79
1900-1909       78      0.10854  0.10296  0.50   20142    2074   19107   130121   6.46
1900-1909       79      0.11363  0.10753  0.50   18068    1943   17098   111014   6.14
1900-1909       80      0.12451  0.11723  0.50   16125    1890   15182    93916   5.82
1900-1909       81      0.13260  0.12436  0.50   14235    1770   13351    78735   5.53
1900-1909       82      0.14304  0.13350  0.50   12464    1664   11634    65384   5.25
1900-1909       83      0.15337  0.14246  0.50   10800    1539   10032    53751   4.98
1900-1909       84      0.16425  0.15182  0.50    9262    1406    8561    43718   4.72
1900-1909       85      0.17291  0.15913  0.50    7856    1250    7230    35158   4.48
1900-1909       86      0.18800  0.17182  0.50    6606    1135    6037    27928   4.23
1900-1909       87      0.20301  0.18425  0.50    5471    1008    4965    21891   4.00
1900-1909       88      0.21444  0.19363  0.50    4463     864    4030    16926   3.79
1900-1909       89      0.22884  0.20534  0.50    3599     739    3229    12896   3.58
1900-1909       90      0.24244  0.21612  0.50    2860     618    2549     9667   3.38
1900-1909       91      0.25954  0.22962  0.50    2242     515    1983     7118   3.18
1900-1909       92      0.27642  0.24274  0.50    1727     419    1516     5135   2.97
1900-1909       93      0.32086  0.27635  0.50    1308     361    1126     3618   2.77
1900-1909       94      0.32233  0.27740  0.50     946     263     814     2492   2.63
1900-1909       95      0.35383  0.30009  0.49     684     205     580     1677   2.45
1900-1909       96      0.37954  0.31826  0.49     479     152     401     1097   2.29
1900-1909       97      0.41548  0.34331  0.49     326     112     270      696   2.13
1900-1909       98      0.47014  0.37997  0.50     214      81     173      426   1.99
1900-1909       99      0.45801  0.37153  0.49     133      49     108      253   1.91
1900-1909      100      0.54339  0.42465  0.49      83      35      65      145   1.74
1900-1909      101      0.55754  0.43247  0.48      48      21      37       80   1.67
1900-1909      102      0.54683  0.42694  0.49      27      12      21       43   1.58
1900-1909      103      0.66972  0.49501  0.47      16       8      12       22   1.39
1900-1909      104      0.66119  0.49290  0.48       8       4       6       10   1.29
1900-1909      105      0.67613  0.50025  0.48       4       2       3        4   1.06
1900-1909      106      1.82474  0.94306  0.49       2       2       1        1   0.65
1900-1909      107      0.00000  0.00000  0.50       0       0       0        0   2.33
1900-1909      108      0.00000  0.00000  0.50       0       0       0        0   1.33
1900-1909      109      3.00000  1.00000  0.33       0       0       0        0   0.33
1900-1909      110+           .        .     .       0       0       0        0      .
1910-1919        0      0.13159  0.12048  0.30  100000   12048   91556  5464031  54.64
1910-1919        1      0.03910  0.03831  0.47   87952    3369   86173  5372475  61.08
1910-1919        2      0.01668  0.01654  0.50   84583    1399   83879  5286302  62.50
1910-1919        3      0.00978  0.00974  0.49   83184     810   82773  5202422  62.54
1910-1919        4      0.00628  0.00626  0.49   82374     516   82112  5119650  62.15
1910-1919        5      0.00463  0.00462  0.49   81858     378   81666  5037537  61.54
1910-1919        6      0.00381  0.00380  0.49   81480     310   81323  4955871  60.82
1910-1919        7      0.00313  0.00312  0.49   81171     253   81042  4874548  60.05
1910-1919        8      0.00261  0.00261  0.49   80917     211   80810  4793505  59.24
1910-1919        9      0.00216  0.00216  0.50   80706     174   80619  4712695  58.39
1910-1919       10      0.00194  0.00194  0.50   80532     156   80454  4632077  57.52
1910-1919       11      0.00178  0.00178  0.50   80376     143   80305  4551622  56.63
1910-1919       12      0.00174  0.00174  0.50   80233     139   80164  4471318  55.73
1910-1919       13      0.00185  0.00185  0.50   80094     148   80020  4391154  54.82
1910-1919       14      0.00204  0.00204  0.50   79946     163   79864  4311134  53.93
1910-1919       15      0.00228  0.00228  0.50   79783     182   79692  4231269  53.03
1910-1919       16      0.00251  0.00251  0.50   79601     200   79502  4151577  52.15
1910-1919       17      0.00272  0.00272  0.50   79401     216   79294  4072075  51.28
1910-1919       18      0.00288  0.00287  0.50   79185     228   79072  3992781  50.42
1910-1919       19      0.00295  0.00295  0.50   78957     233   78842  3913709  49.57
1910-1919       20      0.00312  0.00312  0.50   78725     245   78602  3834868  48.71
1910-1919       21      0.00348  0.00348  0.50   78479     273   78343  3756266  47.86
1910-1919       22      0.00393  0.00392  0.50   78207     307   78053  3677923  47.03
1910-1919       23      0.00445  0.00444  0.50   77900     346   77727  3599870  46.21
1910-1919       24      0.00495  0.00494  0.50   77554     383   77362  3522143  45.42
1910-1919       25      0.00517  0.00515  0.49   77171     398   76970  3444781  44.64
1910-1919       26      0.00499  0.00498  0.49   76773     382   76580  3367811  43.87
1910-1919       27      0.00467  0.00466  0.49   76391     356   76211  3291231  43.08
1910-1919       28      0.00443  0.00442  0.49   76035     336   75865  3215020  42.28
1910-1919       29      0.00428  0.00427  0.49   75699     323   75535  3139155  41.47
1910-1919       30      0.00405  0.00404  0.49   75376     305   75221  3063620  40.64
1910-1919       31      0.00370  0.00369  0.49   75071     277   74929  2988399  39.81
1910-1919       32      0.00338  0.00338  0.49   74794     253   74665  2913470  38.95
1910-1919       33      0.00314  0.00314  0.49   74541     234   74422  2838805  38.08
1910-1919       34      0.00297  0.00296  0.49   74307     220   74195  2764383  37.20
1910-1919       35      0.00285  0.00285  0.49   74087     211   73981  2690187  36.31
1910-1919       36      0.00282  0.00282  0.49   73876     208   73771  2616207  35.41
1910-1919       37      0.00285  0.00285  0.49   73668     210   73562  2542436  34.51
1910-1919       38      0.00295  0.00295  0.49   73458     217   73349  2468874  33.61
1910-1919       39      0.00310  0.00310  0.49   73241     227   73127  2395526  32.71
1910-1919       40      0.00327  0.00327  0.50   73015     239   72894  2322399  31.81
1910-1919       41      0.00352  0.00352  0.50   72776     256   72647  2249504  30.91
1910-1919       42      0.00387  0.00387  0.50   72520     280   72379  2176857  30.02
1910-1919       43      0.00430  0.00429  0.50   72240     310   72084  2104478  29.13
1910-1919       44      0.00473  0.00472  0.50   71929     340   71760  2032394  28.26
1910-1919       45      0.00529  0.00527  0.50   71590     377   71402  1960634  27.39
1910-1919       46      0.00584  0.00582  0.50   71212     414   71005  1889232  26.53
1910-1919       47      0.00650  0.00648  0.50   70798     459   70569  1818227  25.68
1910-1919       48      0.00733  0.00730  0.50   70339     514   70083  1747659  24.85
1910-1919       49      0.00823  0.00820  0.50   69826     572   69539  1677575  24.03
1910-1919       50      0.00901  0.00897  0.50   69253     621   68943  1608036  23.22
1910-1919       51      0.01010  0.01005  0.50   68632     690   68287  1539094  22.43
1910-1919       52      0.01087  0.01081  0.50   67943     734   67576  1470806  21.65
1910-1919       53      0.01233  0.01225  0.50   67208     823   66796  1403231  20.88
1910-1919       54      0.01381  0.01372  0.50   66385     911   65929  1336435  20.13
1910-1919       55      0.01522  0.01510  0.50   65474     989   64978  1270506  19.40
1910-1919       56      0.01654  0.01641  0.50   64485    1058   63955  1205528  18.69
1910-1919       57      0.01804  0.01788  0.50   63427    1134   62859  1141573  18.00
1910-1919       58      0.02004  0.01984  0.50   62293    1236   61673  1078714  17.32
1910-1919       59      0.02145  0.02122  0.50   61057    1296   60407  1017041  16.66
1910-1919       60      0.02343  0.02316  0.50   59762    1384   59068   956634  16.01
1910-1919       61      0.02638  0.02604  0.50   58378    1520   57616   897566  15.38
1910-1919       62      0.02772  0.02734  0.50   56858    1554   56078   839950  14.77
1910-1919       63      0.03078  0.03031  0.50   55303    1676   54461   783872  14.17
1910-1919       64      0.03334  0.03279  0.50   53627    1759   52743   729411  13.60
1910-1919       65      0.03495  0.03435  0.50   51869    1781   50974   676668  13.05
1910-1919       66      0.03858  0.03785  0.50   50087    1896   49136   625694  12.49
1910-1919       67      0.04138  0.04054  0.50   48191    1954   47211   576558  11.96
1910-1919       68      0.04452  0.04355  0.50   46238    2014   45226   529347  11.45
1910-1919       69      0.04930  0.04811  0.50   44224    2128   43156   484121  10.95
1910-1919       70      0.05154  0.05024  0.50   42096    2115   41036   440965  10.48
1910-1919       71      0.05610  0.05456  0.50   39981    2182   38886   399929  10.00
1910-1919       72      0.06114  0.05931  0.50   37800    2242   36674   361042   9.55
1910-1919       73      0.06519  0.06313  0.50   35558    2245   34433   324368   9.12
1910-1919       74      0.07144  0.06896  0.50   33313    2297   32159   289935   8.70
1910-1919       75      0.07442  0.07174  0.50   31016    2225   29899   257776   8.31
1910-1919       76      0.08021  0.07711  0.50   28791    2220   27678   227876   7.91
1910-1919       77      0.08481  0.08136  0.50   26571    2162   25487   200198   7.53
1910-1919       78      0.09177  0.08773  0.50   24409    2141   23336   174711   7.16
1910-1919       79      0.09882  0.09416  0.50   22267    2097   21217   151375   6.80
1910-1919       80      0.10585  0.10051  0.50   20171    2027   19153   130158   6.45
1910-1919       81      0.11375  0.10761  0.50   18143    1952   17164   111006   6.12
1910-1919       82      0.12234  0.11527  0.50   16191    1866   15255    93842   5.80
1910-1919       83      0.13241  0.12416  0.50   14325    1779   13432    78587   5.49
1910-1919       84      0.13888  0.12984  0.50   12546    1629   11729    65155   5.19
1910-1919       85      0.15055  0.13994  0.50   10917    1528   10148    53426   4.89
1910-1919       86      0.16594  0.15315  0.50    9389    1438    8666    43278   4.61
1910-1919       87      0.17623  0.16192  0.50    7951    1288    7306    34612   4.35
1910-1919       88      0.19095  0.17424  0.50    6664    1161    6081    27306   4.10
1910-1919       89      0.20038  0.18207  0.50    5503    1002    5000    21225   3.86
1910-1919       90      0.21799  0.19642  0.50    4501     884    4056    16225   3.60
1910-1919       91      0.23415  0.20943  0.50    3617     757    3235    12170   3.36
1910-1919       92      0.26097  0.23066  0.50    2859     660    2527     8935   3.12
1910-1919       93      0.29029  0.25324  0.50    2200     557    1919     6408   2.91
1910-1919       94      0.31251  0.27007  0.50    1643     444    1420     4488   2.73
1910-1919       95      0.34141  0.29116  0.49    1199     349    1023     3069   2.56
1910-1919       96      0.36281  0.30661  0.49     850     261     718     2046   2.41
1910-1919       97      0.39098  0.32609  0.49     589     192     492     1328   2.25
1910-1919       98      0.41599  0.34331  0.49     397     136     328      836   2.11
1910-1919       99      0.45805  0.37202  0.50     261      97     212      509   1.95
1910-1919      100      0.51221  0.40515  0.48     164      66     130      297   1.81
1910-1919      101      0.45466  0.36858  0.49      97      36      79      167   1.72
1910-1919      102      0.62675  0.47760  0.50      62      29      47       88   1.44
1910-1919      103      0.69183  0.51571  0.51      32      17      24       41   1.29
1910-1919      104      0.85298  0.59229  0.48      16       9      11       17   1.12
1910-1919      105      0.56600  0.44302  0.51       6       3       5        7   1.05
1910-1919      106      2.08914  1.00000  0.48       4       4       2        2   0.48
1910-1919      107            .        .     .       0       0       0        0      .
1910-1919      108            .        .     .       0       0       0        0      .
1910-1919      109            .        .     .       0       0       0        0      .
1910-1919      110+           .        .     .       0       0       0        0      .
1920-1925        0      0.11101  0.10299  0.30  100000   10299   92781  5782721  57.83
1920-1925        1      0.03217  0.03163  0.48   89701    2838   88217  5689940  63.43
1920-1925        2      0.01215  0.01208  0.48   86863    1049   86321  5601723  64.49
1920-1925        3      0.00658  0.00656  0.49   85814     563   85529  5515402  64.27
1920-1925        4      0.00448  0.00447  0.49   85251     381   85057  5429873  63.69
1920-1925        5      0.00335  0.00334  0.49   84870     284   84727  5344815  62.98
1920-1925        6      0.00290  0.00290  0.50   84586     245   84463  5260089  62.19
1920-1925        7      0.00258  0.00257  0.50   84341     217   84232  5175625  61.37
1920-1925        8      0.00227  0.00227  0.50   84124     191   84029  5091393  60.52
1920-1925        9      0.00197  0.00197  0.50   83933     165   83850  5007365  59.66
1920-1925       10      0.00168  0.00168  0.50   83768     140   83698  4923515  58.78
1920-1925       11      0.00152  0.00152  0.50   83627     127   83564  4839817  57.87
1920-1925       12      0.00148  0.00148  0.50   83501     124   83439  4756253  56.96
1920-1925       13      0.00153  0.00153  0.50   83377     127   83313  4672814  56.04
1920-1925       14      0.00168  0.00168  0.50   83250     140   83180  4589501  55.13
1920-1925       15      0.00202  0.00202  0.51   83110     168   83027  4506321  54.22
1920-1925       16      0.00240  0.00239  0.51   82942     199   82843  4423294  53.33
1920-1925       17      0.00277  0.00276  0.51   82743     229   82630  4340450  52.46
1920-1925       18      0.00344  0.00344  0.51   82514     284   82374  4257820  51.60
1920-1925       19      0.00489  0.00488  0.51   82230     401   82032  4175446  50.78
1920-1925       20      0.00703  0.00700  0.49   81829     573   81539  4093414  50.02
1920-1925       21      0.00781  0.00778  0.49   81256     632   80933  4011875  49.37
1920-1925       22      0.00651  0.00649  0.49   80624     523   80356  3930942  48.76
1920-1925       23      0.00483  0.00482  0.48   80101     386   79902  3850586  48.07
1920-1925       24      0.00340  0.00340  0.48   79715     271   79575  3770684  47.30
1920-1925       25      0.00252  0.00251  0.49   79444     200   79342  3691109  46.46
1920-1925       26      0.00216  0.00216  0.49   79244     171   79157  3611767  45.58
1920-1925       27      0.00198  0.00198  0.49   79073     156   78993  3532610  44.68
1920-1925       28      0.00186  0.00186  0.49   78917     147   78842  3453617  43.76
1920-1925       29      0.00179  0.00179  0.49   78770     141   78698  3374775  42.84
1920-1925       30      0.00178  0.00178  0.49   78629     140   78558  3296077  41.92
1920-1925       31      0.00181  0.00181  0.49   78489     142   78417  3217518  40.99
1920-1925       32      0.00183  0.00183  0.49   78347     143   78275  3139101  40.07
1920-1925       33      0.00184  0.00184  0.49   78204     144   78130  3060827  39.14
1920-1925       34      0.00187  0.00187  0.49   78060     146   77986  2982696  38.21
1920-1925       35      0.00199  0.00199  0.50   77914     155   77836  2904710  37.28
1920-1925       36      0.00218  0.00218  0.50   77759     169   77675  2826874  36.35
1920-1925       37      0.00244  0.00244  0.50   77590     189   77496  2749200  35.43
1920-1925       38      0.00262  0.00261  0.50   77401     202   77299  2671704  34.52
1920-1925       39      0.00290  0.00289  0.50   77199     223   77087  2594405  33.61
1920-1925       40      0.00300  0.00299  0.50   76975     230   76860  2517318  32.70
1920-1925       41      0.00350  0.00349  0.50   76745     268   76611  2440457  31.80
1920-1925       42      0.00381  0.00380  0.50   76477     291   76331  2363846  30.91
1920-1925       43      0.00427  0.00426  0.50   76186     325   76024  2287515  30.03
1920-1925       44      0.00477  0.00476  0.50   75862     361   75680  2211491  29.15
1920-1925       45      0.00522  0.00521  0.49   75500     393   75302  2135811  28.29
1920-1925       46      0.00555  0.00554  0.50   75107     416   74899  2060509  27.43
1920-1925       47      0.00666  0.00664  0.50   74691     496   74444  1985610  26.58
1920-1925       48      0.00748  0.00745  0.50   74195     553   73918  1911166  25.76
1920-1925       49      0.00836  0.00832  0.50   73643     613   73337  1837248  24.95
1920-1925       50      0.00916  0.00912  0.50   73030     666   72696  1763911  24.15
1920-1925       51      0.01003  0.00998  0.50   72364     723   72001  1691215  23.37
1920-1925       52      0.01126  0.01120  0.50   71642     802   71236  1619214  22.60
1920-1925       53      0.01226  0.01218  0.50   70839     863   70407  1547977  21.85
1920-1925       54      0.01372  0.01362  0.50   69976     953   69497  1477571  21.12
1920-1925       55      0.01482  0.01471  0.50   69023    1016   68513  1408074  20.40
1920-1925       56      0.01620  0.01607  0.50   68007    1093   67457  1339561  19.70
1920-1925       57      0.01768  0.01752  0.50   66914    1172   66324  1272104  19.01
1920-1925       58      0.01910  0.01892  0.50   65742    1244   65116  1205780  18.34
1920-1925       59      0.02065  0.02044  0.50   64498    1318   63833  1140664  17.69
1920-1925       60      0.02236  0.02211  0.50   63180    1397   62477  1076831  17.04
1920-1925       61      0.02351  0.02324  0.50   61783    1436   61061  1014354  16.42
1920-1925       62      0.02543  0.02511  0.50   60347    1515   59584   953294  15.80
1920-1925       63      0.02798  0.02759  0.50   58832    1623   58015   893710  15.19
1920-1925       64      0.03024  0.02979  0.50   57209    1704   56351   835695  14.61
1920-1925       65      0.03366  0.03310  0.50   55505    1837   54581   779343  14.04
1920-1925       66      0.03498  0.03438  0.50   53668    1845   52739   724762  13.50
1920-1925       67      0.03852  0.03779  0.50   51823    1958   50839   672023  12.97
1920-1925       68      0.04114  0.04030  0.50   49865    2010   48853   621185  12.46
1920-1925       69      0.04323  0.04231  0.50   47855    2025   46834   572332  11.96
1920-1925       70      0.04641  0.04535  0.50   45830    2078   44785   525498  11.47
1920-1925       71      0.04999  0.04876  0.50   43752    2133   42680   480712  10.99
1920-1925       72      0.05360  0.05219  0.50   41618    2172   40525   438032  10.53
1920-1925       73      0.05721  0.05561  0.50   39446    2194   38341   397508  10.08
1920-1925       74      0.06045  0.05867  0.50   37252    2185   36153   359167   9.64
1920-1925       75      0.06361  0.06163  0.50   35067    2161   33979   323014   9.21
1920-1925       76      0.06854  0.06625  0.50   32906    2180   31809   289036   8.78
1920-1925       77      0.07384  0.07120  0.50   30725    2188   29628   257226   8.37
1920-1925       78      0.07937  0.07633  0.50   28538    2178   27443   227599   7.98
1920-1925       79      0.08246  0.07918  0.50   26360    2087   25311   200155   7.59
1920-1925       80      0.08928  0.08545  0.50   24272    2074   23231   174845   7.20
1920-1925       81      0.09588  0.09149  0.50   22198    2031   21180   151614   6.83
1920-1925       82      0.10169  0.09676  0.50   20167    1951   19188   130433   6.47
1920-1925       83      0.10859  0.10297  0.50   18216    1876   17274   111245   6.11
1920-1925       84      0.11658  0.11015  0.50   16340    1800   15439    93971   5.75
1920-1925       85      0.12515  0.11775  0.50   14540    1712   13680    78533   5.40
1920-1925       86      0.13691  0.12808  0.50   12828    1643   12000    64852   5.06
1920-1925       87      0.14956  0.13908  0.50   11185    1556   10402    52852   4.73
1920-1925       88      0.16248  0.15023  0.50    9630    1447    8904    42450   4.41
1920-1925       89      0.17752  0.16298  0.50    8183    1334    7513    33547   4.10
1920-1925       90      0.19609  0.17844  0.50    6849    1222    6233    26034   3.80
1920-1925       91      0.21177  0.19136  0.50    5627    1077    5085    19801   3.52
1920-1925       92      0.24776  0.22030  0.50    4550    1002    4046    14716   3.23
1920-1925       93      0.26684  0.23508  0.49    3548     834    3126    10670   3.01
1920-1925       94      0.30271  0.26275  0.50    2714     713    2356     7544   2.78
1920-1925       95      0.33082  0.28304  0.49    2001     566    1712     5189   2.59
1920-1925       96      0.36742  0.31000  0.50    1434     445    1210     3477   2.42
1920-1925       97      0.37630  0.31588  0.49     990     313     831     2267   2.29
1920-1925       98      0.40626  0.33641  0.49     677     228     561     1436   2.12
1920-1925       99      0.46347  0.37555  0.49     449     169     364      875   1.95
1920-1925      100      0.50348  0.39973  0.48     281     112     223      511   1.82
1920-1925      101      0.45466  0.36858  0.49     168      62     137      288   1.71
1920-1925      102      0.63965  0.48473  0.50     106      52      81      152   1.43
1920-1925      103      0.69405  0.51423  0.50      55      28      41       71   1.30
1920-1925      104      0.84043  0.58672  0.49      27      16      19       30   1.15
1920-1925      105      0.50991  0.40688  0.50      11       4       9       12   1.08
1920-1925      106      2.08914  1.00000  0.48       7       7       3        3   0.48
1920-1925      107            .        .     .       0       0       0        0      .
1920-1925      108            .        .     .       0       0       0        0      .
1920-1925      109            .        .     .       0       0       0        0      .
1920-1925      110+           .        .     .       0       0       0        0      .
